 Iteration	g0	g1	penalK	penalG	eta	beta	pAgg	change	lambda1	lambda2	Compliance	Vol. Frac.	CPU time	Real time
  1	1.0000	+3.11e-15	 3.0	 3.0	0.50	 2.0	5.000e+01	9.519e-01	1.314e-07	2.471e+00	1.024436e+01	0.1390	2.895000e+02	5.444e+01
  2	0.9930	-1.25e-03	 3.0	 3.0	0.50	 2.0	5.000e+01	1.599e-02	1.310e-07	2.436e+00	1.027438e+01	0.1389	2.074844e+02	4.037e+01
  3	0.9864	-2.33e-03	 3.0	 3.0	0.50	 2.0	5.000e+01	1.549e-02	1.322e-07	2.423e+00	1.030282e+01	0.1387	1.847344e+02	3.599e+01
  4	0.9789	-3.48e-03	 3.0	 3.0	0.50	 2.0	5.000e+01	1.799e-02	1.336e-07	2.413e+00	1.033850e+01	0.1385	2.006562e+02	3.852e+01
  5	0.9708	-4.69e-03	 3.0	 3.0	0.50	 2.0	5.000e+01	2.081e-02	1.351e-07	2.402e+00	1.038380e+01	0.1384	1.883438e+02	3.676e+01
  6	0.9621	-5.93e-03	 3.0	 3.0	0.50	 2.0	5.000e+01	2.386e-02	1.368e-07	2.398e+00	1.044115e+01	0.1382	1.762969e+02	3.457e+01
  7	0.9532	-7.15e-03	 3.0	 3.0	0.50	 2.0	5.000e+01	2.696e-02	1.384e-07	2.394e+00	1.051323e+01	0.1380	1.726719e+02	3.385e+01
  8	0.9444	-8.29e-03	 3.0	 3.0	0.50	 2.0	5.000e+01	2.980e-02	1.398e-07	2.396e+00	1.060221e+01	0.1379	1.708594e+02	3.386e+01
  9	0.9362	-9.27e-03	 3.0	 3.0	0.50	 2.0	5.000e+01	3.188e-02	1.404e-07	2.390e+00	1.070798e+01	0.1377	1.583438e+02	3.138e+01
 10	0.9291	-9.97e-03	 3.0	 3.0	0.50	 2.0	5.000e+01	3.253e-02	1.402e-07	2.376e+00	1.082698e+01	0.1376	1.650312e+02	3.269e+01
 11	0.9235	-1.04e-02	 3.0	 3.0	0.50	 2.0	5.000e+01	3.140e-02	1.392e-07	2.377e+00	1.095290e+01	0.1376	1.642969e+02	3.251e+01
 12	0.9191	-1.05e-02	 3.0	 3.0	0.50	 2.0	5.000e+01	2.750e-02	1.383e-07	2.402e+00	1.107490e+01	0.1376	1.527500e+02	3.023e+01
 13	0.9156	-1.05e-02	 3.0	 3.0	0.50	 2.0	5.000e+01	2.497e-02	1.368e-07	2.424e+00	1.118989e+01	0.1376	1.397969e+02	2.818e+01
 14	0.9130	-1.04e-02	 3.0	 3.0	0.50	 2.0	5.000e+01	2.262e-02	1.376e-07	2.445e+00	1.128896e+01	0.1376	1.525156e+02	3.012e+01
 15	0.9129	-1.03e-02	 3.0	 3.0	0.50	 2.0	5.000e+01	2.682e-02	1.417e-07	2.334e+00	1.139250e+01	0.1376	1.567656e+02	3.090e+01
 16	1.0130	-1.18e-02	 3.0	 3.0	0.50	 2.0	5.000e+01	5.105e-02	3.284e-07	1.456e-01	1.153031e+01	0.1374	2.080781e+02	4.038e+01
 17	1.0150	-2.87e-02	 3.0	 3.0	0.50	 2.0	5.000e+01	9.802e-02	1.167e-06	1.906e+00	1.214677e+01	0.1350	1.390781e+02	2.781e+01
 18	1.0629	-4.71e-02	 3.0	 3.0	0.50	 2.0	5.000e+01	9.421e-02	7.969e-03	2.507e+00	1.258171e+01	0.1325	1.584375e+02	3.121e+01
 19	1.0516	-5.63e-02	 3.0	 3.0	0.50	 2.0	5.000e+01	7.140e-02	1.564e-07	2.153e+00	1.296674e+01	0.1312	1.589219e+02	3.108e+01
 20	1.0487	-5.82e-02	 3.0	 3.0	0.50	 2.0	5.000e+01	5.582e-02	1.317e-07	2.580e+00	1.301969e+01	0.1309	1.717500e+02	3.354e+01
 21	1.0387	-5.72e-02	 3.0	 3.0	0.50	 2.0	5.000e+01	2.544e-02	1.269e-07	2.446e+00	1.292827e+01	0.1311	1.691250e+02	3.348e+01
 22	1.0313	-5.50e-02	 3.0	 3.0	0.50	 2.0	5.000e+01	1.651e-02	1.266e-07	2.408e+00	1.283215e+01	0.1314	1.623750e+02	3.221e+01
 23	1.0244	-5.29e-02	 3.0	 3.0	0.50	 2.0	5.000e+01	1.665e-02	1.263e-07	2.399e+00	1.273950e+01	0.1317	1.935938e+02	3.801e+01
 24	1.0176	-5.09e-02	 3.0	 3.0	0.50	 2.0	5.000e+01	2.029e-02	1.265e-07	2.474e+00	1.264626e+01	0.1319	1.630156e+02	3.207e+01
 25	1.0109	-4.90e-02	 3.0	 3.0	0.50	 2.0	5.000e+01	1.255e-02	1.266e-07	2.545e+00	1.255990e+01	0.1322	1.626719e+02	3.192e+01
 26	1.0046	-4.71e-02	 3.0	 3.0	0.50	 2.0	5.000e+01	1.292e-02	1.266e-07	2.597e+00	1.247990e+01	0.1325	1.646719e+02	3.258e+01
 27	0.9984	-4.52e-02	 3.0	 3.0	0.50	 2.0	5.000e+01	9.935e-03	1.263e-07	2.640e+00	1.240333e+01	0.1327	1.612031e+02	3.202e+01
 28	0.9925	-4.35e-02	 3.0	 3.0	0.50	 2.0	5.000e+01	1.240e-02	1.261e-07	2.662e+00	1.232773e+01	0.1330	1.674375e+02	3.291e+01
 29	0.9867	-4.18e-02	 3.0	 3.0	0.50	 2.0	5.000e+01	1.655e-02	1.264e-07	2.696e+00	1.225287e+01	0.1332	1.815938e+02	3.535e+01
 30	0.9812	-4.01e-02	 3.0	 3.0	0.50	 2.0	5.000e+01	1.258e-02	1.264e-07	2.717e+00	1.218478e+01	0.1334	1.675156e+02	3.299e+01
 31	0.9758	-3.86e-02	 3.0	 3.0	0.50	 2.0	5.000e+01	1.339e-02	1.265e-07	2.727e+00	1.212000e+01	0.1337	1.651094e+02	3.258e+01
 32	0.9706	-3.71e-02	 3.0	 3.0	0.50	 2.0	5.000e+01	1.278e-02	1.264e-07	2.735e+00	1.205933e+01	0.1339	1.707500e+02	3.363e+01
 33	0.9656	-3.56e-02	 3.0	 3.0	0.50	 2.0	5.000e+01	1.208e-02	1.264e-07	2.729e+00	1.199941e+01	0.1341	1.680625e+02	3.307e+01
 34	0.9606	-3.42e-02	 3.0	 3.0	0.50	 2.0	5.000e+01	1.560e-02	1.259e-07	2.729e+00	1.194219e+01	0.1343	1.665938e+02	3.277e+01
 35	0.9559	-3.29e-02	 3.0	 3.0	0.50	 2.0	5.000e+01	2.107e-02	1.266e-07	2.697e+00	1.188036e+01	0.1344	1.737188e+02	3.427e+01
 36	0.9526	-3.18e-02	 3.0	 3.0	0.50	 2.0	5.000e+01	2.555e-02	1.303e-07	2.669e+00	1.182815e+01	0.1346	1.626719e+02	3.205e+01
 37	0.9620	-3.16e-02	 3.0	 3.0	0.50	 2.0	5.000e+01	3.281e-02	1.689e-07	2.150e+00	1.180933e+01	0.1346	1.728281e+02	3.386e+01
 38	1.0120	-3.70e-02	 3.0	 3.0	0.50	 2.0	5.000e+01	7.403e-02	1.986e-06	2.349e+00	1.198492e+01	0.1339	1.665000e+02	3.267e+01
 39	1.0232	-4.81e-02	 3.0	 3.0	0.50	 2.0	5.000e+01	7.881e-02	2.027e-07	1.844e+00	1.244802e+01	0.1323	1.661562e+02	3.275e+01
 40	1.0300	-5.45e-02	 3.0	 3.0	0.50	 2.0	5.000e+01	6.596e-02	1.555e-07	2.908e+00	1.259833e+01	0.1314	1.755625e+02	3.426e+01
 41	1.0190	-5.55e-02	 3.0	 3.0	0.50	 2.0	5.000e+01	5.521e-02	1.262e-07	2.338e+00	1.265548e+01	0.1313	1.737188e+02	3.404e+01
 42	1.0110	-5.37e-02	 3.0	 3.0	0.50	 2.0	5.000e+01	1.003e-02	1.258e-07	2.516e+00	1.255490e+01	0.1316	1.748125e+02	3.406e+01
 43	1.0044	-5.16e-02	 3.0	 3.0	0.50	 2.0	5.000e+01	2.467e-02	1.257e-07	2.420e+00	1.246489e+01	0.1319	1.571250e+02	3.092e+01
 44	0.9981	-4.96e-02	 3.0	 3.0	0.50	 2.0	5.000e+01	1.726e-02	1.256e-07	2.453e+00	1.237581e+01	0.1321	1.804688e+02	3.519e+01
 45	0.9919	-4.77e-02	 3.0	 3.0	0.50	 2.0	5.000e+01	1.311e-02	1.256e-07	2.507e+00	1.228936e+01	0.1324	1.821875e+02	3.545e+01
 46	0.9859	-4.58e-02	 3.0	 3.0	0.50	 2.0	5.000e+01	1.267e-02	1.256e-07	2.554e+00	1.220729e+01	0.1327	1.760156e+02	3.439e+01
 47	0.9801	-4.40e-02	 3.0	 3.0	0.50	 2.0	5.000e+01	1.319e-02	1.256e-07	2.598e+00	1.212946e+01	0.1329	1.637812e+02	3.214e+01
 48	0.9745	-4.23e-02	 3.0	 3.0	0.50	 2.0	5.000e+01	1.689e-02	1.256e-07	2.632e+00	1.205568e+01	0.1331	1.808594e+02	3.515e+01
 49	0.9690	-4.06e-02	 3.0	 3.0	0.50	 2.0	5.000e+01	2.228e-02	1.256e-07	2.660e+00	1.198526e+01	0.1334	1.730156e+02	3.384e+01
 50	0.9636	-3.91e-02	 3.0	 3.0	0.50	 2.0	5.000e+01	2.435e-02	1.255e-07	2.683e+00	1.191771e+01	0.1336	1.769844e+02	3.470e+01
 51	0.9583	-3.75e-02	 3.0	 3.0	0.50	 2.0	5.000e+01	2.496e-02	1.257e-07	2.709e+00	1.185239e+01	0.1338	1.711562e+02	3.358e+01
 52	0.9532	-3.61e-02	 3.0	 3.0	0.50	 2.0	5.000e+01	2.268e-02	1.257e-07	2.710e+00	1.179239e+01	0.1340	1.645312e+02	3.234e+01
 53	0.9483	-3.47e-02	 3.0	 3.0	0.50	 2.0	5.000e+01	1.950e-02	1.256e-07	2.699e+00	1.173436e+01	0.1342	1.610938e+02	3.177e+01
 54	0.9436	-3.33e-02	 3.0	 3.0	0.50	 2.0	5.000e+01	2.172e-02	1.251e-07	2.684e+00	1.167710e+01	0.1344	1.601875e+02	3.171e+01
 55	0.9389	-3.21e-02	 3.0	 3.0	0.50	 2.0	5.000e+01	2.191e-02	1.262e-07	2.711e+00	1.161624e+01	0.1346	1.702969e+02	3.340e+01
 56	0.9346	-3.08e-02	 3.0	 3.0	0.50	 2.0	5.000e+01	2.398e-02	1.245e-07	2.651e+00	1.157261e+01	0.1347	1.791406e+02	3.511e+01
 57	0.9309	-2.97e-02	 3.0	 3.0	0.50	 2.0	5.000e+01	1.731e-02	1.290e-07	2.675e+00	1.150727e+01	0.1349	1.593281e+02	3.158e+01
 58	0.9322	-2.88e-02	 3.0	 3.0	0.50	 2.0	5.000e+01	4.130e-02	1.360e-07	2.168e+00	1.149954e+01	0.1350	1.739375e+02	3.392e+01
 59	0.9502	-3.01e-02	 3.0	 3.0	0.50	 2.0	5.000e+01	5.299e-02	1.772e-07	2.323e+00	1.153486e+01	0.1348	1.655156e+02	3.276e+01
 60	0.9626	-3.51e-02	 3.0	 3.0	0.50	 2.0	5.000e+01	5.899e-02	1.671e-07	2.138e+00	1.166805e+01	0.1342	1.846250e+02	3.574e+01
 61	0.9638	-3.90e-02	 3.0	 3.0	0.50	 2.0	5.000e+01	6.535e-02	1.369e-07	2.397e+00	1.180170e+01	0.1336	1.695000e+02	3.286e+01
 62	0.9586	-4.00e-02	 3.0	 3.0	0.50	 2.0	5.000e+01	5.102e-02	1.290e-07	2.472e+00	1.179200e+01	0.1335	1.921875e+02	3.687e+01
 63	0.9527	-3.89e-02	 3.0	 3.0	0.50	 2.0	5.000e+01	2.815e-02	1.254e-07	2.416e+00	1.176103e+01	0.1336	1.782500e+02	3.438e+01
 64	0.9481	-3.74e-02	 3.0	 3.0	0.50	 2.0	5.000e+01	7.484e-03	1.254e-07	2.362e+00	1.170070e+01	0.1338	1.719531e+02	3.318e+01
 65	0.9438	-3.59e-02	 3.0	 3.0	0.50	 2.0	5.000e+01	9.210e-03	1.251e-07	2.349e+00	1.164211e+01	0.1340	1.765156e+02	3.407e+01
 66	0.9396	-3.45e-02	 3.0	 3.0	0.50	 2.0	5.000e+01	9.803e-03	1.250e-07	2.348e+00	1.158309e+01	0.1342	1.667656e+02	3.250e+01
 67	0.9357	-3.32e-02	 3.0	 3.0	0.50	 2.0	5.000e+01	1.104e-02	1.250e-07	2.366e+00	1.152471e+01	0.1344	1.660469e+02	3.243e+01
 68	0.9318	-3.19e-02	 3.0	 3.0	0.50	 2.0	5.000e+01	1.287e-02	1.251e-07	2.389e+00	1.146899e+01	0.1346	1.677969e+02	3.277e+01
 69	0.9280	-3.06e-02	 3.0	 3.0	0.50	 2.0	5.000e+01	1.446e-02	1.252e-07	2.416e+00	1.141663e+01	0.1348	1.672188e+02	3.281e+01
 70	0.9244	-2.94e-02	 3.0	 3.0	0.50	 2.0	5.000e+01	1.562e-02	1.254e-07	2.432e+00	1.136898e+01	0.1349	1.819531e+02	3.529e+01
 71	0.9209	-2.83e-02	 3.0	 3.0	0.50	 2.0	5.000e+01	1.211e-02	1.256e-07	2.453e+00	1.132545e+01	0.1351	1.612500e+02	3.171e+01
 72	0.9176	-2.71e-02	 3.0	 3.0	0.50	 2.0	5.000e+01	8.118e-03	1.255e-07	2.454e+00	1.128774e+01	0.1353	1.596562e+02	3.113e+01
 73	0.9144	-2.60e-02	 3.0	 3.0	0.50	 2.0	5.000e+01	7.516e-03	1.256e-07	2.454e+00	1.125024e+01	0.1354	1.627500e+02	3.213e+01
 74	0.9113	-2.50e-02	 3.0	 3.0	0.50	 2.0	5.000e+01	6.748e-03	1.256e-07	2.452e+00	1.121543e+01	0.1355	1.768906e+02	3.459e+01
 75	0.9084	-2.40e-02	 3.0	 3.0	0.50	 2.0	5.000e+01	7.627e-03	1.254e-07	2.438e+00	1.118119e+01	0.1357	1.689531e+02	3.288e+01
 76	0.9055	-2.31e-02	 3.0	 3.0	0.50	 2.0	5.000e+01	5.732e-03	1.256e-07	2.432e+00	1.114642e+01	0.1358	1.766094e+02	3.413e+01
 77	0.9027	-2.22e-02	 3.0	 3.0	0.50	 2.0	5.000e+01	6.479e-03	1.261e-07	2.443e+00	1.111527e+01	0.1359	1.672812e+02	3.230e+01
 78	0.9000	-2.13e-02	 3.0	 3.0	0.50	 2.0	5.000e+01	7.381e-03	1.262e-07	2.452e+00	1.109300e+01	0.1361	1.607500e+02	3.151e+01
 79	0.8974	-2.05e-02	 3.0	 3.0	0.50	 2.0	5.000e+01	8.883e-03	1.268e-07	2.460e+00	1.107180e+01	0.1362	1.710469e+02	3.355e+01
 80	0.8948	-1.97e-02	 3.0	 3.0	0.50	 2.0	5.000e+01	1.121e-02	1.257e-07	2.449e+00	1.105985e+01	0.1363	1.665000e+02	3.258e+01
 81	0.8925	-1.90e-02	 3.0	 3.0	0.50	 2.0	5.000e+01	1.538e-02	1.292e-07	2.483e+00	1.103312e+01	0.1364	1.545938e+02	3.008e+01
 82	0.8914	-1.84e-02	 3.0	 3.0	0.50	 2.0	5.000e+01	2.105e-02	1.238e-07	2.246e+00	1.105157e+01	0.1365	1.753750e+02	3.420e+01
 83	0.8942	-1.84e-02	 3.0	 3.0	0.50	 2.0	5.000e+01	2.850e-02	1.434e-07	2.387e+00	1.098374e+01	0.1365	1.704531e+02	3.292e+01
 84	0.8984	-1.94e-02	 3.0	 3.0	0.50	 2.0	5.000e+01	3.979e-02	1.297e-07	2.080e+00	1.110829e+01	0.1363	1.676250e+02	3.263e+01
 85	0.8980	-2.07e-02	 3.0	 3.0	0.50	 2.0	5.000e+01	3.169e-02	1.328e-07	2.484e+00	1.106907e+01	0.1361	1.746406e+02	3.383e+01
 86	0.8947	-2.07e-02	 3.0	 3.0	0.50	 2.0	5.000e+01	2.474e-02	1.253e-07	2.311e+00	1.110472e+01	0.1361	1.722344e+02	3.358e+01
 87	0.8920	-2.00e-02	 3.0	 3.0	0.50	 2.0	5.000e+01	7.984e-03	1.256e-07	2.287e+00	1.106974e+01	0.1362	1.811250e+02	3.459e+01
 88	0.8898	-1.92e-02	 3.0	 3.0	0.50	 2.0	5.000e+01	1.352e-02	1.256e-07	2.265e+00	1.104289e+01	0.1364	1.737500e+02	3.366e+01
 89	0.8877	-1.84e-02	 3.0	 3.0	0.50	 2.0	5.000e+01	8.908e-03	1.256e-07	2.280e+00	1.101645e+01	0.1365	1.783125e+02	3.420e+01
 90	0.8857	-1.77e-02	 3.0	 3.0	0.50	 2.0	5.000e+01	9.621e-03	1.256e-07	2.285e+00	1.099165e+01	0.1366	1.783281e+02	3.449e+01
 91	0.8838	-1.70e-02	 3.0	 3.0	0.50	 2.0	5.000e+01	1.084e-02	1.256e-07	2.297e+00	1.096763e+01	0.1367	1.701719e+02	3.333e+01
 92	0.8819	-1.63e-02	 3.0	 3.0	0.50	 2.0	5.000e+01	1.176e-02	1.256e-07	2.309e+00	1.094422e+01	0.1368	1.747344e+02	3.396e+01
 93	0.8801	-1.57e-02	 3.0	 3.0	0.50	 2.0	5.000e+01	1.300e-02	1.256e-07	2.317e+00	1.092195e+01	0.1368	1.605625e+02	3.177e+01
 94	0.8783	-1.50e-02	 3.0	 3.0	0.50	 2.0	5.000e+01	1.364e-02	1.255e-07	2.311e+00	1.090115e+01	0.1369	1.618594e+02	3.190e+01
 95	0.8766	-1.45e-02	 3.0	 3.0	0.50	 2.0	5.000e+01	1.424e-02	1.255e-07	2.290e+00	1.088028e+01	0.1370	1.537344e+02	3.076e+01
 96	0.8749	-1.39e-02	 3.0	 3.0	0.50	 2.0	5.000e+01	1.486e-02	1.255e-07	2.280e+00	1.085906e+01	0.1371	1.561875e+02	3.054e+01
 97	0.8733	-1.34e-02	 3.0	 3.0	0.50	 2.0	5.000e+01	1.415e-02	1.255e-07	2.281e+00	1.083887e+01	0.1372	1.540312e+02	3.036e+01
 98	0.8718	-1.28e-02	 3.0	 3.0	0.50	 2.0	5.000e+01	1.307e-02	1.256e-07	2.290e+00	1.081984e+01	0.1372	1.587500e+02	3.105e+01
 99	0.8702	-1.24e-02	 3.0	 3.0	0.50	 2.0	5.000e+01	1.248e-02	1.256e-07	2.293e+00	1.080341e+01	0.1373	1.430469e+02	2.831e+01
100	0.8687	-1.19e-02	 3.0	 3.0	0.50	 2.0	5.000e+01	1.209e-02	1.259e-07	2.297e+00	1.078762e+01	0.1374	1.549375e+02	3.060e+01
101	0.8671	-1.15e-02	 3.0	 3.0	0.50	 2.0	5.000e+01	1.292e-02	1.261e-07	2.291e+00	1.077612e+01	0.1374	1.654062e+02	3.219e+01
102	0.8656	-1.10e-02	 3.0	 3.0	0.50	 2.0	5.000e+01	1.370e-02	1.261e-07	2.285e+00	1.076731e+01	0.1375	1.597656e+02	3.142e+01
103	0.8640	-1.07e-02	 3.0	 3.0	0.50	 2.0	5.000e+01	1.452e-02	1.262e-07	2.277e+00	1.075845e+01	0.1375	1.540469e+02	3.035e+01
104	0.8624	-1.03e-02	 3.0	 3.0	0.50	 2.0	5.000e+01	1.735e-02	1.264e-07	2.277e+00	1.075167e+01	0.1376	1.621875e+02	3.175e+01
105	0.8607	-9.97e-03	 3.0	 3.0	0.50	 2.0	5.000e+01	1.796e-02	1.269e-07	2.281e+00	1.074818e+01	0.1376	1.729531e+02	3.369e+01
106	0.8591	-9.66e-03	 3.0	 3.0	0.50	 2.0	5.000e+01	1.889e-02	1.255e-07	2.263e+00	1.075015e+01	0.1377	1.549844e+02	3.040e+01
107	0.8575	-9.37e-03	 3.0	 3.0	0.50	 2.0	5.000e+01	1.981e-02	1.277e-07	2.241e+00	1.073353e+01	0.1377	1.644844e+02	3.224e+01
108	0.8567	-9.17e-03	 3.0	 3.0	0.50	 2.0	5.000e+01	2.020e-02	1.265e-07	2.158e+00	1.074554e+01	0.1378	1.727656e+02	3.353e+01
109	0.8594	-9.36e-03	 3.0	 3.0	0.50	 2.0	5.000e+01	3.785e-02	1.406e-07	2.168e+00	1.073367e+01	0.1377	1.576719e+02	3.080e+01
110	0.8675	-1.09e-02	 3.0	 3.0	0.50	 2.0	5.000e+01	4.168e-02	1.347e-07	1.861e+00	1.085650e+01	0.1375	1.742031e+02	3.369e+01
111	0.8743	-1.38e-02	 3.0	 3.0	0.50	 2.0	5.000e+01	4.833e-02	1.435e-07	2.243e+00	1.085787e+01	0.1371	1.625312e+02	3.150e+01
112	0.8721	-1.59e-02	 3.0	 3.0	0.50	 2.0	5.000e+01	4.149e-02	1.261e-07	2.117e+00	1.096198e+01	0.1368	1.752812e+02	3.375e+01
113	0.8693	-1.60e-02	 3.0	 3.0	0.50	 2.0	5.000e+01	2.782e-02	1.256e-07	2.185e+00	1.092725e+01	0.1368	1.823594e+02	3.519e+01
114	0.8674	-1.54e-02	 3.0	 3.0	0.50	 2.0	5.000e+01	6.794e-03	1.254e-07	2.153e+00	1.090504e+01	0.1369	1.527812e+02	2.963e+01
115	0.8657	-1.48e-02	 3.0	 3.0	0.50	 2.0	5.000e+01	9.341e-03	1.254e-07	2.168e+00	1.088182e+01	0.1370	1.775781e+02	3.401e+01
116	0.8641	-1.42e-02	 3.0	 3.0	0.50	 2.0	5.000e+01	9.618e-03	1.253e-07	2.169e+00	1.085941e+01	0.1371	1.862812e+02	3.576e+01
117	0.8625	-1.36e-02	 3.0	 3.0	0.50	 2.0	5.000e+01	1.073e-02	1.254e-07	2.170e+00	1.083698e+01	0.1371	1.670625e+02	3.243e+01
118	0.8610	-1.31e-02	 3.0	 3.0	0.50	 2.0	5.000e+01	1.256e-02	1.255e-07	2.169e+00	1.081702e+01	0.1372	1.593594e+02	3.108e+01
119	0.8595	-1.26e-02	 3.0	 3.0	0.50	 2.0	5.000e+01	1.473e-02	1.256e-07	2.164e+00	1.079851e+01	0.1373	1.704219e+02	3.275e+01
120	0.8580	-1.21e-02	 3.0	 3.0	0.50	 2.0	5.000e+01	1.700e-02	1.256e-07	2.162e+00	1.078269e+01	0.1373	1.471250e+02	2.860e+01
121	0.8565	-1.17e-02	 3.0	 3.0	0.50	 2.0	5.000e+01	1.901e-02	1.256e-07	2.161e+00	1.076696e+01	0.1374	1.465469e+02	2.859e+01
122	0.8550	-1.13e-02	 3.0	 3.0	0.50	 2.0	5.000e+01	1.574e-02	1.258e-07	2.162e+00	1.075204e+01	0.1375	1.543906e+02	3.017e+01
123	0.8536	-1.09e-02	 3.0	 3.0	0.50	 2.0	5.000e+01	1.215e-02	1.259e-07	2.165e+00	1.073987e+01	0.1375	1.593750e+02	3.118e+01
124	0.8522	-1.05e-02	 3.0	 3.0	0.50	 2.0	5.000e+01	1.190e-02	1.260e-07	2.169e+00	1.072990e+01	0.1376	1.593125e+02	3.122e+01
125	0.8507	-1.01e-02	 3.0	 3.0	0.50	 2.0	5.000e+01	1.430e-02	1.261e-07	2.173e+00	1.072185e+01	0.1376	1.527344e+02	3.026e+01
126	0.8493	-9.78e-03	 3.0	 3.0	0.50	 2.0	5.000e+01	1.635e-02	1.261e-07	2.169e+00	1.071481e+01	0.1377	1.573750e+02	3.046e+01
127	0.8478	-9.47e-03	 3.0	 3.0	0.50	 2.0	5.000e+01	1.674e-02	1.260e-07	2.166e+00	1.070811e+01	0.1377	1.747344e+02	3.406e+01
128	0.8463	-9.16e-03	 3.0	 3.0	0.50	 2.0	5.000e+01	1.398e-02	1.261e-07	2.160e+00	1.070072e+01	0.1378	1.700781e+02	3.265e+01
129	0.8448	-8.89e-03	 3.0	 3.0	0.50	 2.0	5.000e+01	1.530e-02	1.260e-07	2.144e+00	1.069467e+01	0.1378	1.748594e+02	3.360e+01
130	0.8431	-8.64e-03	 3.0	 3.0	0.50	 2.0	5.000e+01	1.758e-02	1.265e-07	2.135e+00	1.068631e+01	0.1378	1.590312e+02	3.073e+01
131	0.8413	-8.44e-03	 3.0	 3.0	0.50	 2.0	5.000e+01	2.111e-02	1.254e-07	2.136e+00	1.068528e+01	0.1379	1.556094e+02	3.030e+01
132	0.8396	-8.25e-03	 3.0	 3.0	0.50	 2.0	5.000e+01	2.212e-02	1.289e-07	2.145e+00	1.066848e+01	0.1379	1.695625e+02	3.323e+01
133	0.8383	-8.13e-03	 3.0	 3.0	0.50	 2.0	5.000e+01	2.806e-02	1.216e-07	2.071e+00	1.069750e+01	0.1379	1.765625e+02	3.465e+01
134	0.8407	-8.31e-03	 3.0	 3.0	0.50	 2.0	5.000e+01	3.477e-02	1.414e-07	2.131e+00	1.062526e+01	0.1379	1.962812e+02	3.772e+01
135	0.8489	-9.63e-03	 3.0	 3.0	0.50	 2.0	5.000e+01	5.947e-02	1.328e-07	1.913e+00	1.077136e+01	0.1377	1.501875e+02	2.980e+01
136	0.8537	-1.24e-02	 3.0	 3.0	0.50	 2.0	5.000e+01	4.934e-02	1.474e-07	2.158e+00	1.075571e+01	0.1373	1.676719e+02	3.258e+01
137	0.8535	-1.44e-02	 3.0	 3.0	0.50	 2.0	5.000e+01	4.929e-02	1.244e-07	2.049e+00	1.090641e+01	0.1370	1.585469e+02	3.064e+01
138	0.8511	-1.49e-02	 3.0	 3.0	0.50	 2.0	5.000e+01	3.529e-02	1.273e-07	2.093e+00	1.084069e+01	0.1370	1.640156e+02	3.168e+01
139	0.8490	-1.45e-02	 3.0	 3.0	0.50	 2.0	5.000e+01	1.427e-02	1.252e-07	2.058e+00	1.084093e+01	0.1370	1.722500e+02	3.350e+01
140	0.8474	-1.39e-02	 3.0	 3.0	0.50	 2.0	5.000e+01	4.892e-03	1.254e-07	2.035e+00	1.081803e+01	0.1371	1.794844e+02	3.437e+01
141	0.8460	-1.34e-02	 3.0	 3.0	0.50	 2.0	5.000e+01	5.567e-03	1.254e-07	2.050e+00	1.079901e+01	0.1372	1.631875e+02	3.191e+01
142	0.8445	-1.29e-02	 3.0	 3.0	0.50	 2.0	5.000e+01	6.693e-03	1.253e-07	2.069e+00	1.078036e+01	0.1372	1.522969e+02	2.970e+01
143	0.8431	-1.24e-02	 3.0	 3.0	0.50	 2.0	5.000e+01	8.413e-03	1.253e-07	2.088e+00	1.076064e+01	0.1373	1.596406e+02	3.099e+01
144	0.8416	-1.19e-02	 3.0	 3.0	0.50	 2.0	5.000e+01	7.595e-03	1.254e-07	2.118e+00	1.074203e+01	0.1374	1.752344e+02	3.400e+01
145	0.8402	-1.15e-02	 3.0	 3.0	0.50	 2.0	5.000e+01	1.062e-02	1.256e-07	2.140e+00	1.072616e+01	0.1374	1.665000e+02	3.250e+01
146	0.8388	-1.11e-02	 3.0	 3.0	0.50	 2.0	5.000e+01	9.098e-03	1.258e-07	2.170e+00	1.071272e+01	0.1375	1.587500e+02	3.139e+01
147	0.8374	-1.06e-02	 3.0	 3.0	0.50	 2.0	5.000e+01	1.001e-02	1.259e-07	2.183e+00	1.070291e+01	0.1375	1.772969e+02	3.420e+01
148	0.8361	-1.03e-02	 3.0	 3.0	0.50	 2.0	5.000e+01	1.097e-02	1.259e-07	2.190e+00	1.069440e+01	0.1376	1.569062e+02	3.044e+01
149	0.8346	-9.91e-03	 3.0	 3.0	0.50	 2.0	5.000e+01	1.260e-02	1.260e-07	2.197e+00	1.068645e+01	0.1376	1.561250e+02	3.064e+01
150	0.8331	-9.59e-03	 3.0	 3.0	0.50	 2.0	5.000e+01	1.518e-02	1.263e-07	2.225e+00	1.067939e+01	0.1377	1.532656e+02	3.045e+01
151	0.8317	-9.28e-03	 3.0	 3.0	0.50	 2.0	5.000e+01	1.970e-02	1.264e-07	2.242e+00	1.067652e+01	0.1377	1.538750e+02	3.019e+01
152	0.8301	-8.99e-03	 3.0	 3.0	0.50	 2.0	5.000e+01	2.352e-02	1.261e-07	2.234e+00	1.067455e+01	0.1378	1.555781e+02	3.059e+01
153	0.8285	-8.73e-03	 3.0	 3.0	0.50	 2.0	5.000e+01	2.415e-02	1.266e-07	2.227e+00	1.066856e+01	0.1378	1.775781e+02	3.447e+01
154	0.8269	-8.48e-03	 3.0	 3.0	0.50	 2.0	5.000e+01	2.421e-02	1.252e-07	2.201e+00	1.066992e+01	0.1378	1.530312e+02	3.015e+01
155	0.8254	-8.25e-03	 3.0	 3.0	0.50	 2.0	5.000e+01	2.512e-02	1.281e-07	2.164e+00	1.065237e+01	0.1379	1.644219e+02	3.219e+01
156	0.8242	-8.03e-03	 3.0	 3.0	0.50	 2.0	5.000e+01	2.335e-02	1.247e-07	2.170e+00	1.067417e+01	0.1379	1.551406e+02	3.053e+01
157	0.8234	-7.88e-03	 3.0	 3.0	0.50	 2.0	5.000e+01	2.322e-02	1.278e-07	2.115e+00	1.064884e+01	0.1379	1.589844e+02	3.119e+01
158	0.8223	-7.74e-03	 3.0	 3.0	0.50	 2.0	5.000e+01	2.345e-02	1.257e-07	2.100e+00	1.066392e+01	0.1379	1.676094e+02	3.266e+01
159	0.8212	-7.56e-03	 3.0	 3.0	0.50	 2.0	5.000e+01	2.328e-02	1.262e-07	2.026e+00	1.065233e+01	0.1380	1.745156e+02	3.360e+01
160	0.8202	-7.31e-03	 3.0	 3.0	0.50	 2.0	5.000e+01	1.439e-02	1.259e-07	1.941e+00	1.064946e+01	0.1380	1.672656e+02	3.233e+01
161	0.8193	-7.05e-03	 3.0	 3.0	0.50	 2.0	5.000e+01	9.573e-03	1.260e-07	1.921e+00	1.064309e+01	0.1380	1.574062e+02	3.112e+01
162	0.8184	-6.80e-03	 3.0	 3.0	0.50	 2.0	5.000e+01	1.092e-02	1.261e-07	1.916e+00	1.063876e+01	0.1381	1.397031e+02	2.763e+01
163	0.8176	-6.57e-03	 3.0	 3.0	0.50	 2.0	5.000e+01	1.313e-02	1.264e-07	1.915e+00	1.063662e+01	0.1381	1.529375e+02	2.982e+01
164	0.8167	-6.36e-03	 3.0	 3.0	0.50	 2.0	5.000e+01	1.416e-02	1.266e-07	1.910e+00	1.063743e+01	0.1381	1.750312e+02	3.388e+01
165	0.8158	-6.16e-03	 3.0	 3.0	0.50	 2.0	5.000e+01	1.561e-02	1.267e-07	1.908e+00	1.064051e+01	0.1382	1.576094e+02	3.099e+01
166	0.8149	-5.99e-03	 3.0	 3.0	0.50	 2.0	5.000e+01	1.858e-02	1.261e-07	1.913e+00	1.064521e+01	0.1382	1.598125e+02	3.141e+01
167	0.8139	-5.83e-03	 3.0	 3.0	0.50	 2.0	5.000e+01	1.981e-02	1.261e-07	1.906e+00	1.064198e+01	0.1382	1.647656e+02	3.206e+01
168	0.8129	-5.68e-03	 3.0	 3.0	0.50	 2.0	5.000e+01	1.991e-02	1.263e-07	1.906e+00	1.063803e+01	0.1382	1.606719e+02	3.142e+01
169	0.8118	-5.56e-03	 3.0	 3.0	0.50	 2.0	5.000e+01	1.987e-02	1.267e-07	1.913e+00	1.063670e+01	0.1383	1.605781e+02	3.140e+01
170	0.8105	-5.46e-03	 3.0	 3.0	0.50	 2.0	5.000e+01	2.244e-02	1.269e-07	1.914e+00	1.064032e+01	0.1383	1.369531e+02	2.721e+01
171	0.8093	-5.37e-03	 3.0	 3.0	0.50	 2.0	5.000e+01	2.227e-02	1.275e-07	1.931e+00	1.064730e+01	0.1383	1.512812e+02	2.987e+01
172	0.8079	-5.31e-03	 3.0	 3.0	0.50	 2.0	5.000e+01	2.223e-02	1.269e-07	1.937e+00	1.066102e+01	0.1383	1.630156e+02	3.186e+01
173	0.8065	-5.27e-03	 3.0	 3.0	0.50	 2.0	5.000e+01	2.988e-02	1.283e-07	1.923e+00	1.066632e+01	0.1383	1.754844e+02	3.432e+01
174	0.8050	-5.26e-03	 3.0	 3.0	0.50	 2.0	5.000e+01	2.332e-02	1.271e-07	1.913e+00	1.068812e+01	0.1383	1.680156e+02	3.287e+01
175	0.8037	-5.25e-03	 3.0	 3.0	0.50	 2.0	5.000e+01	3.609e-02	1.275e-07	1.949e+00	1.069323e+01	0.1383	1.667344e+02	3.255e+01
176	0.8025	-5.19e-03	 3.0	 3.0	0.50	 2.0	5.000e+01	2.328e-02	1.272e-07	1.920e+00	1.070517e+01	0.1383	1.756719e+02	3.435e+01
177	0.8013	-5.12e-03	 3.0	 3.0	0.50	 2.0	5.000e+01	2.651e-02	1.273e-07	1.941e+00	1.071225e+01	0.1383	1.666250e+02	3.244e+01
178	0.7999	-5.06e-03	 3.0	 3.0	0.50	 2.0	5.000e+01	2.279e-02	1.272e-07	1.964e+00	1.072047e+01	0.1383	1.740312e+02	3.389e+01
179	0.7986	-4.99e-03	 3.0	 3.0	0.50	 2.0	5.000e+01	2.337e-02	1.272e-07	1.973e+00	1.072772e+01	0.1383	1.692500e+02	3.284e+01
180	0.7973	-4.92e-03	 3.0	 3.0	0.50	 2.0	5.000e+01	2.340e-02	1.273e-07	1.971e+00	1.073474e+01	0.1383	1.662812e+02	3.246e+01
181	0.7959	-4.85e-03	 3.0	 3.0	0.50	 2.0	5.000e+01	2.351e-02	1.272e-07	2.003e+00	1.074262e+01	0.1384	1.770469e+02	3.405e+01
182	0.7946	-4.76e-03	 3.0	 3.0	0.50	 2.0	5.000e+01	2.366e-02	1.273e-07	2.019e+00	1.074877e+01	0.1384	1.638750e+02	3.225e+01
183	0.7933	-4.68e-03	 3.0	 3.0	0.50	 2.0	5.000e+01	2.314e-02	1.274e-07	2.031e+00	1.075575e+01	0.1384	1.731406e+02	3.395e+01
184	0.7924	-4.57e-03	 3.0	 3.0	0.50	 2.0	5.000e+01	2.102e-02	1.275e-07	2.014e+00	1.076485e+01	0.1384	1.672812e+02	3.282e+01
185	0.7915	-4.46e-03	 3.0	 3.0	0.50	 2.0	5.000e+01	1.538e-02	1.275e-07	2.020e+00	1.077494e+01	0.1384	1.486719e+02	2.911e+01
186	0.7907	-4.36e-03	 3.0	 3.0	0.50	 2.0	5.000e+01	1.641e-02	1.269e-07	2.028e+00	1.078441e+01	0.1384	1.669219e+02	3.248e+01
187	0.7898	-4.25e-03	 3.0	 3.0	0.50	 2.0	5.000e+01	1.359e-02	1.268e-07	2.030e+00	1.078621e+01	0.1384	1.609688e+02	3.148e+01
188	0.7890	-4.15e-03	 3.0	 3.0	0.50	 2.0	5.000e+01	1.559e-02	1.268e-07	2.022e+00	1.078588e+01	0.1384	1.794219e+02	3.466e+01
189	0.7881	-4.07e-03	 3.0	 3.0	0.50	 2.0	5.000e+01	1.874e-02	1.267e-07	2.016e+00	1.078525e+01	0.1385	1.833750e+02	3.542e+01
190	0.7872	-3.99e-03	 3.0	 3.0	0.50	 2.0	5.000e+01	1.949e-02	1.267e-07	2.012e+00	1.078421e+01	0.1385	1.742031e+02	3.386e+01
191	0.7863	-3.93e-03	 3.0	 3.0	0.50	 2.0	5.000e+01	2.074e-02	1.265e-07	2.001e+00	1.078283e+01	0.1385	1.652188e+02	3.221e+01
192	0.7853	-3.88e-03	 3.0	 3.0	0.50	 2.0	5.000e+01	2.069e-02	1.269e-07	2.006e+00	1.077916e+01	0.1385	1.690469e+02	3.312e+01
193	0.7844	-3.80e-03	 3.0	 3.0	0.50	 2.0	5.000e+01	2.100e-02	1.270e-07	2.004e+00	1.078031e+01	0.1385	1.757500e+02	3.449e+01
194	0.7835	-3.74e-03	 3.0	 3.0	0.50	 2.0	5.000e+01	2.141e-02	1.273e-07	1.995e+00	1.078273e+01	0.1385	1.662031e+02	3.218e+01
195	0.7825	-3.70e-03	 3.0	 3.0	0.50	 2.0	5.000e+01	2.402e-02	1.275e-07	1.982e+00	1.078810e+01	0.1385	1.682812e+02	3.272e+01
196	0.7813	-3.69e-03	 3.0	 3.0	0.50	 2.0	5.000e+01	2.830e-02	1.278e-07	1.986e+00	1.079473e+01	0.1385	1.502500e+02	2.946e+01
197	0.7799	-3.70e-03	 3.0	 3.0	0.50	 2.0	5.000e+01	2.817e-02	1.279e-07	1.982e+00	1.080460e+01	0.1385	1.709688e+02	3.312e+01
198	0.7786	-3.72e-03	 3.0	 3.0	0.50	 2.0	5.000e+01	2.328e-02	1.280e-07	2.000e+00	1.081603e+01	0.1385	1.776875e+02	3.440e+01
199	0.7773	-3.79e-03	 3.0	 3.0	0.50	 2.0	5.000e+01	2.620e-02	1.287e-07	1.943e+00	1.082704e+01	0.1385	1.631406e+02	3.226e+01
200	0.7768	-4.02e-03	 3.0	 3.0	0.50	 2.0	5.000e+01	3.069e-02	1.284e-07	1.986e+00	1.084393e+01	0.1385	1.955781e+02	3.790e+01
201	0.7770	-4.49e-03	 3.0	 3.0	0.50	 2.0	5.000e+01	3.576e-02	1.293e-07	1.845e+00	1.085306e+01	0.1384	1.707656e+02	3.277e+01
202	0.7761	-5.03e-03	 3.0	 3.0	0.50	 2.0	5.000e+01	3.790e-02	1.280e-07	2.002e+00	1.086961e+01	0.1383	1.695625e+02	3.280e+01
203	0.7744	-5.20e-03	 3.0	 3.0	0.50	 2.0	5.000e+01	3.464e-02	1.273e-07	1.881e+00	1.087477e+01	0.1383	1.786094e+02	3.430e+01
204	0.7729	-5.18e-03	 3.0	 3.0	0.50	 2.0	5.000e+01	3.710e-02	1.269e-07	1.873e+00	1.087580e+01	0.1383	1.751406e+02	3.390e+01
205	0.7715	-5.10e-03	 3.0	 3.0	0.50	 2.0	5.000e+01	3.422e-02	1.267e-07	1.777e+00	1.087144e+01	0.1383	1.842969e+02	3.576e+01
206	0.7705	-5.01e-03	 3.0	 3.0	0.50	 2.0	5.000e+01	2.954e-02	1.270e-07	1.782e+00	1.086508e+01	0.1383	1.577188e+02	3.085e+01
207	0.7695	-4.91e-03	 3.0	 3.0	0.50	 2.0	5.000e+01	2.480e-02	1.274e-07	1.785e+00	1.086390e+01	0.1383	1.629688e+02	3.199e+01
208	0.7684	-4.84e-03	 3.0	 3.0	0.50	 2.0	5.000e+01	2.778e-02	1.278e-07	1.768e+00	1.086744e+01	0.1384	1.592812e+02	3.112e+01
209	0.7674	-4.76e-03	 3.0	 3.0	0.50	 2.0	5.000e+01	3.530e-02	1.279e-07	1.763e+00	1.087585e+01	0.1384	1.770625e+02	3.414e+01
210	0.7664	-4.68e-03	 3.0	 3.0	0.50	 2.0	5.000e+01	3.568e-02	1.279e-07	1.745e+00	1.088495e+01	0.1384	1.716719e+02	3.307e+01
211	0.7653	-4.62e-03	 3.0	 3.0	0.50	 2.0	5.000e+01	3.551e-02	1.281e-07	1.733e+00	1.089377e+01	0.1384	1.646406e+02	3.223e+01
212	0.7641	-4.58e-03	 3.0	 3.0	0.50	 2.0	5.000e+01	3.477e-02	1.284e-07	1.721e+00	1.090353e+01	0.1384	1.826719e+02	3.530e+01
213	0.7628	-4.56e-03	 3.0	 3.0	0.50	 2.0	5.000e+01	3.467e-02	1.283e-07	1.725e+00	1.091668e+01	0.1384	1.728281e+02	3.352e+01
214	0.7614	-4.53e-03	 3.0	 3.0	0.50	 2.0	5.000e+01	3.391e-02	1.282e-07	1.733e+00	1.092834e+01	0.1384	1.393750e+02	2.760e+01
215	0.7600	-4.51e-03	 3.0	 3.0	0.50	 2.0	5.000e+01	3.281e-02	1.284e-07	1.746e+00	1.093849e+01	0.1384	1.853125e+02	3.599e+01
216	0.7588	-4.47e-03	 3.0	 3.0	0.50	 2.0	5.000e+01	3.197e-02	1.277e-07	1.744e+00	1.095070e+01	0.1384	1.665938e+02	3.297e+01
217	0.7577	-4.41e-03	 3.0	 3.0	0.50	 2.0	5.000e+01	1.971e-02	1.273e-07	1.710e+00	1.095430e+01	0.1384	1.834531e+02	3.562e+01
218	0.7568	-4.34e-03	 3.0	 3.0	0.50	 2.0	5.000e+01	1.703e-02	1.278e-07	1.692e+00	1.095279e+01	0.1384	1.859844e+02	3.618e+01
219	0.7559	-4.27e-03	 3.0	 3.0	0.50	 2.0	5.000e+01	1.780e-02	1.279e-07	1.685e+00	1.095796e+01	0.1384	1.508281e+02	2.965e+01
220	0.7550	-4.22e-03	 3.0	 3.0	0.50	 2.0	5.000e+01	2.192e-02	1.288e-07	1.696e+00	1.096399e+01	0.1384	1.749844e+02	3.377e+01
221	0.7540	-4.16e-03	 3.0	 3.0	0.50	 2.0	5.000e+01	1.942e-02	1.289e-07	1.705e+00	1.098109e+01	0.1384	1.571562e+02	3.091e+01
222	0.7530	-4.12e-03	 3.0	 3.0	0.50	 2.0	5.000e+01	2.142e-02	1.287e-07	1.704e+00	1.099865e+01	0.1385	1.691250e+02	3.328e+01
223	0.7520	-4.09e-03	 3.0	 3.0	0.50	 2.0	5.000e+01	2.335e-02	1.288e-07	1.704e+00	1.101312e+01	0.1385	1.803594e+02	3.497e+01
224	0.7508	-4.06e-03	 3.0	 3.0	0.50	 2.0	5.000e+01	2.342e-02	1.282e-07	1.713e+00	1.102758e+01	0.1385	1.616094e+02	3.146e+01
225	0.7496	-4.03e-03	 3.0	 3.0	0.50	 2.0	5.000e+01	2.346e-02	1.280e-07	1.737e+00	1.103468e+01	0.1385	1.625469e+02	3.171e+01
226	0.7485	-3.98e-03	 3.0	 3.0	0.50	 2.0	5.000e+01	2.345e-02	1.277e-07	1.746e+00	1.103910e+01	0.1385	1.550312e+02	3.016e+01
227	0.7474	-3.94e-03	 3.0	 3.0	0.50	 2.0	5.000e+01	2.355e-02	1.274e-07	1.732e+00	1.103872e+01	0.1385	1.695000e+02	3.306e+01
228	0.7464	-3.90e-03	 3.0	 3.0	0.50	 2.0	5.000e+01	2.370e-02	1.295e-07	1.693e+00	1.103579e+01	0.1385	1.670625e+02	3.267e+01
229	0.7454	-3.89e-03	 3.0	 3.0	0.50	 2.0	5.000e+01	2.320e-02	1.260e-07	1.759e+00	1.105905e+01	0.1385	1.779531e+02	3.477e+01
230	0.7452	-3.96e-03	 3.0	 3.0	0.50	 2.0	5.000e+01	3.132e-02	1.343e-07	1.658e+00	1.103628e+01	0.1385	1.855312e+02	3.701e+01
231	0.7466	-4.44e-03	 3.0	 3.0	0.50	 2.0	5.000e+01	4.803e-02	1.279e-07	1.883e+00	1.111224e+01	0.1384	1.752188e+02	3.407e+01
232	0.7482	-5.47e-03	 3.0	 3.0	0.50	 2.0	5.000e+01	5.466e-02	1.374e-07	1.617e+00	1.108605e+01	0.1383	1.665625e+02	3.272e+01
233	0.7480	-6.58e-03	 3.0	 3.0	0.50	 2.0	5.000e+01	4.490e-02	1.279e-07	1.853e+00	1.116922e+01	0.1381	1.525625e+02	3.010e+01
234	0.7462	-6.93e-03	 3.0	 3.0	0.50	 2.0	5.000e+01	2.751e-02	1.288e-07	1.722e+00	1.115247e+01	0.1381	1.843438e+02	3.598e+01
235	0.7445	-6.84e-03	 3.0	 3.0	0.50	 2.0	5.000e+01	2.367e-02	1.285e-07	1.731e+00	1.115945e+01	0.1381	1.792188e+02	3.488e+01
236	0.7429	-6.71e-03	 3.0	 3.0	0.50	 2.0	5.000e+01	2.399e-02	1.287e-07	1.693e+00	1.116334e+01	0.1381	1.524844e+02	3.027e+01
237	0.7411	-6.60e-03	 3.0	 3.0	0.50	 2.0	5.000e+01	2.421e-02	1.286e-07	1.701e+00	1.116882e+01	0.1381	1.852188e+02	3.578e+01
238	0.7391	-6.49e-03	 3.0	 3.0	0.50	 2.0	5.000e+01	2.438e-02	1.284e-07	1.655e+00	1.117392e+01	0.1381	1.574219e+02	3.110e+01
239	0.7375	-6.36e-03	 3.0	 3.0	0.50	 2.0	5.000e+01	2.358e-02	1.282e-07	1.585e+00	1.117597e+01	0.1381	1.776719e+02	3.443e+01
240	0.7363	-6.23e-03	 3.0	 3.0	0.50	 2.0	5.000e+01	2.358e-02	1.286e-07	1.570e+00	1.117626e+01	0.1382	1.832031e+02	3.549e+01
241	0.7350	-6.11e-03	 3.0	 3.0	0.50	 2.0	5.000e+01	2.367e-02	1.280e-07	1.672e+00	1.118222e+01	0.1382	1.701094e+02	3.307e+01
242	0.7342	-5.91e-03	 3.0	 3.0	0.50	 2.0	5.000e+01	1.100e-02	1.276e-07	1.681e+00	1.118223e+01	0.1382	1.574688e+02	3.104e+01
243	0.7335	-5.72e-03	 3.0	 3.0	0.50	 2.0	5.000e+01	1.212e-02	1.276e-07	1.694e+00	1.117742e+01	0.1382	1.710156e+02	3.360e+01
244	0.7328	-5.54e-03	 3.0	 3.0	0.50	 2.0	5.000e+01	1.187e-02	1.276e-07	1.706e+00	1.117216e+01	0.1383	1.596562e+02	3.142e+01
245	0.7321	-5.37e-03	 3.0	 3.0	0.50	 2.0	5.000e+01	1.148e-02	1.277e-07	1.715e+00	1.116717e+01	0.1383	1.675156e+02	3.304e+01
246	0.7314	-5.22e-03	 3.0	 3.0	0.50	 2.0	5.000e+01	1.176e-02	1.277e-07	1.724e+00	1.116301e+01	0.1383	1.706719e+02	3.354e+01
247	0.7305	-5.09e-03	 3.0	 3.0	0.50	 2.0	5.000e+01	1.466e-02	1.278e-07	1.734e+00	1.115920e+01	0.1383	1.649375e+02	3.263e+01
248	0.7297	-4.97e-03	 3.0	 3.0	0.50	 2.0	5.000e+01	1.623e-02	1.279e-07	1.747e+00	1.115647e+01	0.1383	1.619688e+02	3.190e+01
249	0.7287	-4.88e-03	 3.0	 3.0	0.50	 2.0	5.000e+01	1.716e-02	1.280e-07	1.755e+00	1.115508e+01	0.1383	1.675312e+02	3.305e+01
250	0.7277	-4.80e-03	 3.0	 3.0	0.50	 2.0	5.000e+01	1.809e-02	1.280e-07	1.755e+00	1.115404e+01	0.1384	1.699219e+02	3.361e+01
251	0.7266	-4.75e-03	 3.0	 3.0	0.50	 2.0	5.000e+01	1.966e-02	1.281e-07	1.753e+00	1.115264e+01	0.1384	1.320000e+02	2.691e+01
252	0.7253	-4.73e-03	 3.0	 3.0	0.50	 2.0	5.000e+01	2.266e-02	1.279e-07	1.746e+00	1.115190e+01	0.1384	1.587500e+02	3.076e+01
253	0.7239	-4.73e-03	 3.0	 3.0	0.50	 2.0	5.000e+01	2.330e-02	1.286e-07	1.749e+00	1.114815e+01	0.1384	1.691094e+02	3.306e+01
254	0.7224	-4.74e-03	 3.0	 3.0	0.50	 2.0	5.000e+01	2.342e-02	1.271e-07	1.750e+00	1.115343e+01	0.1384	1.757500e+02	3.440e+01
255	0.7210	-4.78e-03	 3.0	 3.0	0.50	 2.0	5.000e+01	2.333e-02	1.302e-07	1.713e+00	1.113976e+01	0.1384	1.686094e+02	3.273e+01
256	0.7200	-4.88e-03	 3.0	 3.0	0.50	 2.0	5.000e+01	2.949e-02	1.264e-07	1.709e+00	1.116485e+01	0.1383	1.707969e+02	3.343e+01
257	0.7190	-5.07e-03	 3.0	 3.0	0.50	 2.0	5.000e+01	3.617e-02	1.318e-07	1.729e+00	1.113880e+01	0.1383	1.701094e+02	3.331e+01
258	0.7181	-5.24e-03	 3.0	 3.0	0.50	 2.0	5.000e+01	3.421e-02	1.273e-07	1.745e+00	1.118093e+01	0.1383	1.620469e+02	3.176e+01
259	0.7169	-5.25e-03	 3.0	 3.0	0.50	 2.0	5.000e+01	2.330e-02	1.289e-07	1.808e+00	1.116787e+01	0.1383	1.651562e+02	3.222e+01
260	0.7158	-5.16e-03	 3.0	 3.0	0.50	 2.0	5.000e+01	2.329e-02	1.282e-07	1.780e+00	1.117856e+01	0.1383	1.571562e+02	3.122e+01
261	0.7148	-5.02e-03	 3.0	 3.0	0.50	 2.0	5.000e+01	2.326e-02	1.280e-07	1.817e+00	1.118053e+01	0.1383	1.541875e+02	3.048e+01
262	0.7140	-4.88e-03	 3.0	 3.0	0.50	 2.0	5.000e+01	2.317e-02	1.280e-07	1.785e+00	1.118069e+01	0.1383	1.545156e+02	3.037e+01
263	0.7134	-4.73e-03	 3.0	 3.0	0.50	 2.0	5.000e+01	1.578e-02	1.280e-07	1.772e+00	1.118130e+01	0.1384	1.787969e+02	3.462e+01
264	0.7128	-4.58e-03	 3.0	 3.0	0.50	 2.0	5.000e+01	1.439e-02	1.282e-07	1.769e+00	1.118173e+01	0.1384	1.745625e+02	3.403e+01
265	0.7121	-4.45e-03	 3.0	 3.0	0.50	 2.0	5.000e+01	1.751e-02	1.283e-07	1.763e+00	1.118394e+01	0.1384	1.616406e+02	3.123e+01
266	0.7114	-4.34e-03	 3.0	 3.0	0.50	 2.0	5.000e+01	1.755e-02	1.285e-07	1.752e+00	1.118787e+01	0.1384	1.602656e+02	3.126e+01
267	0.7107	-4.23e-03	 3.0	 3.0	0.50	 2.0	5.000e+01	1.888e-02	1.287e-07	1.739e+00	1.119330e+01	0.1384	1.680156e+02	3.300e+01
268	0.7099	-4.14e-03	 3.0	 3.0	0.50	 2.0	5.000e+01	2.215e-02	1.288e-07	1.725e+00	1.120071e+01	0.1384	1.526875e+02	3.015e+01
269	0.7092	-4.06e-03	 3.0	 3.0	0.50	 2.0	5.000e+01	2.652e-02	1.287e-07	1.696e+00	1.120980e+01	0.1385	1.496406e+02	2.964e+01
270	0.7085	-3.97e-03	 3.0	 3.0	0.50	 2.0	5.000e+01	2.635e-02	1.285e-07	1.668e+00	1.121733e+01	0.1385	1.640625e+02	3.229e+01
271	0.7078	-3.88e-03	 3.0	 3.0	0.50	 2.0	5.000e+01	2.500e-02	1.285e-07	1.657e+00	1.122238e+01	0.1385	1.490000e+02	2.974e+01
272	0.7073	-3.78e-03	 3.0	 3.0	0.50	 2.0	5.000e+01	1.561e-02	1.288e-07	1.658e+00	1.122757e+01	0.1385	1.706875e+02	3.355e+01
273	0.7068	-3.67e-03	 3.0	 3.0	0.50	 2.0	5.000e+01	1.329e-02	1.289e-07	1.655e+00	1.123678e+01	0.1385	1.549062e+02	3.076e+01
274	0.7063	-3.56e-03	 3.0	 3.0	0.50	 2.0	5.000e+01	1.527e-02	1.289e-07	1.645e+00	1.124602e+01	0.1385	1.685625e+02	3.332e+01
275	0.7058	-3.47e-03	 3.0	 3.0	0.50	 2.0	5.000e+01	1.603e-02	1.287e-07	1.626e+00	1.125453e+01	0.1385	1.551406e+02	3.101e+01
276	0.7053	-3.37e-03	 3.0	 3.0	0.50	 2.0	5.000e+01	1.264e-02	1.285e-07	1.616e+00	1.126102e+01	0.1386	1.629688e+02	3.219e+01
277	0.7048	-3.28e-03	 3.0	 3.0	0.50	 2.0	5.000e+01	1.288e-02	1.285e-07	1.619e+00	1.126494e+01	0.1386	1.477812e+02	2.957e+01
278	0.7044	-3.19e-03	 3.0	 3.0	0.50	 2.0	5.000e+01	1.522e-02	1.284e-07	1.620e+00	1.126795e+01	0.1386	1.451250e+02	2.912e+01
279	0.7039	-3.12e-03	 3.0	 3.0	0.50	 2.0	5.000e+01	1.731e-02	1.286e-07	1.617e+00	1.126997e+01	0.1386	1.642656e+02	3.218e+01
280	0.7033	-3.05e-03	 3.0	 3.0	0.50	 2.0	5.000e+01	1.870e-02	1.286e-07	1.632e+00	1.127425e+01	0.1386	1.558438e+02	3.100e+01
281	0.7029	-2.98e-03	 3.0	 3.0	0.50	 2.0	5.000e+01	1.143e-02	1.293e-07	1.636e+00	1.127792e+01	0.1386	1.738438e+02	3.411e+01
282	0.7024	-2.91e-03	 3.0	 3.0	0.50	 2.0	5.000e+01	1.400e-02	1.282e-07	1.659e+00	1.129009e+01	0.1386	1.649375e+02	3.261e+01
283	0.7020	-2.85e-03	 3.0	 3.0	0.50	 2.0	5.000e+01	1.593e-02	1.312e-07	1.611e+00	1.128799e+01	0.1386	1.502812e+02	2.979e+01
284	0.7018	-2.85e-03	 3.0	 3.0	0.50	 2.0	5.000e+01	1.884e-02	1.271e-07	1.688e+00	1.132414e+01	0.1386	1.574219e+02	3.136e+01
285	0.7022	-3.03e-03	 3.0	 3.0	0.50	 2.0	5.000e+01	4.168e-02	1.348e-07	1.558e+00	1.130330e+01	0.1386	1.649531e+02	3.279e+01
286	0.7024	-3.40e-03	 3.0	 3.0	0.50	 2.0	5.000e+01	4.154e-02	1.283e-07	1.704e+00	1.137267e+01	0.1386	1.799531e+02	3.514e+01
287	0.7018	-3.64e-03	 3.0	 3.0	0.50	 2.0	5.000e+01	2.984e-02	1.299e-07	1.550e+00	1.136151e+01	0.1385	1.639375e+02	3.231e+01
288	0.7013	-3.60e-03	 3.0	 3.0	0.50	 2.0	5.000e+01	1.132e-02	1.285e-07	1.581e+00	1.137721e+01	0.1385	1.669531e+02	3.262e+01
289	0.7009	-3.48e-03	 3.0	 3.0	0.50	 2.0	5.000e+01	1.054e-02	1.287e-07	1.577e+00	1.137644e+01	0.1385	1.770000e+02	3.506e+01
290	0.7004	-3.38e-03	 3.0	 3.0	0.50	 2.0	5.000e+01	1.190e-02	1.288e-07	1.580e+00	1.137779e+01	0.1386	1.706875e+02	3.350e+01
291	0.7000	-3.28e-03	 3.0	 3.0	0.50	 2.0	5.000e+01	1.486e-02	1.289e-07	1.584e+00	1.138019e+01	0.1386	1.528438e+02	3.016e+01
292	0.6995	-3.20e-03	 3.0	 3.0	0.50	 2.0	5.000e+01	1.807e-02	1.291e-07	1.591e+00	1.138420e+01	0.1386	1.648906e+02	3.236e+01
293	0.6991	-3.12e-03	 3.0	 3.0	0.50	 2.0	5.000e+01	1.890e-02	1.294e-07	1.598e+00	1.139051e+01	0.1386	1.722188e+02	3.414e+01
294	0.6986	-3.05e-03	 3.0	 3.0	0.50	 2.0	5.000e+01	2.010e-02	1.296e-07	1.605e+00	1.139918e+01	0.1386	1.792031e+02	3.520e+01
295	0.6980	-3.00e-03	 3.0	 3.0	0.50	 2.0	5.000e+01	2.134e-02	1.298e-07	1.613e+00	1.141030e+01	0.1386	1.875156e+02	3.656e+01
296	0.6974	-2.95e-03	 3.0	 3.0	0.50	 2.0	5.000e+01	2.114e-02	1.303e-07	1.638e+00	1.142412e+01	0.1386	1.736250e+02	3.394e+01
297	0.6969	-2.89e-03	 3.0	 3.0	0.50	 2.0	5.000e+01	1.881e-02	1.302e-07	1.654e+00	1.144374e+01	0.1386	1.773906e+02	3.487e+01
298	0.6964	-2.83e-03	 3.0	 3.0	0.50	 2.0	5.000e+01	1.519e-02	1.307e-07	1.650e+00	1.146042e+01	0.1386	1.711719e+02	3.358e+01
299	0.6958	-2.80e-03	 3.0	 3.0	0.50	 2.0	5.000e+01	1.571e-02	1.307e-07	1.663e+00	1.148191e+01	0.1386	1.700469e+02	3.356e+01
300	0.6951	-2.77e-03	 3.0	 3.0	0.50	 2.0	5.000e+01	1.657e-02	1.315e-07	1.652e+00	1.150206e+01	0.1386	1.746875e+02	3.418e+01
301	0.6944	-2.78e-03	 3.0	 3.0	0.50	 2.0	5.000e+01	1.806e-02	1.314e-07	1.683e+00	1.153149e+01	0.1386	1.586875e+02	3.139e+01
302	0.6937	-2.82e-03	 3.0	 3.0	0.50	 2.0	5.000e+01	2.184e-02	1.328e-07	1.642e+00	1.155775e+01	0.1386	2.008125e+02	3.895e+01
303	0.6931	-2.94e-03	 3.0	 3.0	0.50	 2.0	5.000e+01	2.535e-02	1.317e-07	1.712e+00	1.159842e+01	0.1386	1.937656e+02	3.766e+01
304	0.6926	-3.16e-03	 3.0	 3.0	0.50	 2.0	5.000e+01	2.758e-02	1.318e-07	1.643e+00	1.162078e+01	0.1386	1.813125e+02	3.505e+01
305	0.6919	-3.33e-03	 3.0	 3.0	0.50	 2.0	5.000e+01	2.542e-02	1.305e-07	1.734e+00	1.164556e+01	0.1386	1.663594e+02	3.239e+01
306	0.6910	-3.38e-03	 3.0	 3.0	0.50	 2.0	5.000e+01	2.315e-02	1.311e-07	1.683e+00	1.165523e+01	0.1386	1.881875e+02	3.641e+01
307	0.6901	-3.36e-03	 3.0	 3.0	0.50	 2.0	5.000e+01	2.373e-02	1.311e-07	1.697e+00	1.167227e+01	0.1386	2.020938e+02	3.954e+01
308	0.6892	-3.34e-03	 3.0	 3.0	0.50	 2.0	5.000e+01	2.323e-02	1.312e-07	1.662e+00	1.168894e+01	0.1386	1.916875e+02	3.746e+01
309	0.6883	-3.33e-03	 3.0	 3.0	0.50	 2.0	5.000e+01	2.324e-02	1.305e-07	1.643e+00	1.170563e+01	0.1386	1.915781e+02	3.736e+01
310	0.6876	-3.28e-03	 3.0	 3.0	0.50	 2.0	5.000e+01	2.009e-02	1.304e-07	1.626e+00	1.171386e+01	0.1386	1.879531e+02	3.676e+01
311	0.6869	-3.24e-03	 3.0	 3.0	0.50	 2.0	5.000e+01	2.035e-02	1.303e-07	1.610e+00	1.172112e+01	0.1386	1.721094e+02	3.402e+01
312	0.6862	-3.21e-03	 3.0	 3.0	0.50	 2.0	5.000e+01	1.694e-02	1.302e-07	1.597e+00	1.172693e+01	0.1386	1.692188e+02	3.381e+01
313	0.6855	-3.18e-03	 3.0	 3.0	0.50	 2.0	5.000e+01	1.866e-02	1.306e-07	1.592e+00	1.173101e+01	0.1386	1.710000e+02	3.417e+01
314	0.6846	-3.17e-03	 3.0	 3.0	0.50	 2.0	5.000e+01	2.265e-02	1.309e-07	1.598e+00	1.173850e+01	0.1386	1.968438e+02	3.895e+01
315	0.6837	-3.18e-03	 3.0	 3.0	0.50	 2.0	5.000e+01	2.321e-02	1.313e-07	1.597e+00	1.174991e+01	0.1386	1.637188e+02	3.255e+01
316	0.6827	-3.21e-03	 3.0	 3.0	0.50	 2.0	5.000e+01	2.326e-02	1.312e-07	1.596e+00	1.176501e+01	0.1386	1.761562e+02	3.438e+01
317	0.6815	-3.24e-03	 3.0	 3.0	0.50	 2.0	5.000e+01	2.327e-02	1.311e-07	1.593e+00	1.177801e+01	0.1386	1.939375e+02	3.766e+01
318	0.6803	-3.29e-03	 3.0	 3.0	0.50	 2.0	5.000e+01	2.332e-02	1.312e-07	1.627e+00	1.178869e+01	0.1386	1.690625e+02	3.343e+01
319	0.6792	-3.33e-03	 3.0	 3.0	0.50	 2.0	5.000e+01	2.336e-02	1.305e-07	1.610e+00	1.180089e+01	0.1386	1.816406e+02	3.553e+01
320	0.6781	-3.37e-03	 3.0	 3.0	0.50	 2.0	5.000e+01	2.352e-02	1.312e-07	1.668e+00	1.180482e+01	0.1386	1.921250e+02	3.731e+01
321	0.6772	-3.39e-03	 3.0	 3.0	0.50	 2.0	5.000e+01	2.356e-02	1.298e-07	1.641e+00	1.181744e+01	0.1386	1.793438e+02	3.512e+01
322	0.6762	-3.40e-03	 3.0	 3.0	0.50	 2.0	5.000e+01	2.373e-02	1.307e-07	1.659e+00	1.181241e+01	0.1386	1.805312e+02	3.587e+01
323	0.6754	-3.40e-03	 3.0	 3.0	0.50	 2.0	5.000e+01	2.164e-02	1.305e-07	1.660e+00	1.181938e+01	0.1386	2.046250e+02	4.000e+01
324	0.6747	-3.36e-03	 3.0	 3.0	0.50	 2.0	5.000e+01	2.234e-02	1.304e-07	1.667e+00	1.182397e+01	0.1386	1.845156e+02	3.593e+01
325	0.6741	-3.30e-03	 3.0	 3.0	0.50	 2.0	5.000e+01	2.395e-02	1.304e-07	1.652e+00	1.182768e+01	0.1386	1.835312e+02	3.591e+01
326	0.6734	-3.24e-03	 3.0	 3.0	0.50	 2.0	5.000e+01	2.386e-02	1.302e-07	1.640e+00	1.183062e+01	0.1386	1.774531e+02	3.506e+01
327	0.6727	-3.18e-03	 3.0	 3.0	0.50	 2.0	5.000e+01	2.407e-02	1.300e-07	1.613e+00	1.183128e+01	0.1386	1.873125e+02	3.648e+01
328	0.6721	-3.12e-03	 3.0	 3.0	0.50	 2.0	5.000e+01	2.395e-02	1.301e-07	1.601e+00	1.182996e+01	0.1386	1.704375e+02	3.382e+01
329	0.6715	-3.07e-03	 3.0	 3.0	0.50	 2.0	5.000e+01	2.369e-02	1.301e-07	1.604e+00	1.182913e+01	0.1386	1.894375e+02	3.737e+01
330	0.6709	-3.02e-03	 3.0	 3.0	0.50	 2.0	5.000e+01	2.368e-02	1.301e-07	1.606e+00	1.182870e+01	0.1386	1.820469e+02	3.603e+01
331	0.6703	-2.97e-03	 3.0	 3.0	0.50	 2.0	5.000e+01	1.705e-02	1.303e-07	1.617e+00	1.182783e+01	0.1386	1.752500e+02	3.472e+01
332	0.6698	-2.91e-03	 3.0	 3.0	0.50	 2.0	5.000e+01	1.549e-02	1.304e-07	1.623e+00	1.182995e+01	0.1386	1.896406e+02	3.716e+01
333	0.6693	-2.85e-03	 3.0	 3.0	0.50	 2.0	5.000e+01	1.837e-02	1.304e-07	1.617e+00	1.183321e+01	0.1386	1.483750e+02	2.978e+01
334	0.6688	-2.80e-03	 3.0	 3.0	0.50	 2.0	5.000e+01	1.783e-02	1.307e-07	1.620e+00	1.183667e+01	0.1386	1.791875e+02	3.516e+01
335	0.6682	-2.76e-03	 3.0	 3.0	0.50	 2.0	5.000e+01	1.874e-02	1.307e-07	1.617e+00	1.184252e+01	0.1386	1.595156e+02	3.135e+01
336	0.6677	-2.72e-03	 3.0	 3.0	0.50	 2.0	5.000e+01	1.697e-02	1.308e-07	1.617e+00	1.184865e+01	0.1386	1.747500e+02	3.440e+01
337	0.6671	-2.70e-03	 3.0	 3.0	0.50	 2.0	5.000e+01	1.934e-02	1.305e-07	1.608e+00	1.185513e+01	0.1386	1.775156e+02	3.471e+01
338	0.6664	-2.69e-03	 3.0	 3.0	0.50	 2.0	5.000e+01	2.385e-02	1.310e-07	1.615e+00	1.185798e+01	0.1387	1.887188e+02	3.668e+01
339	0.6658	-2.69e-03	 3.0	 3.0	0.50	 2.0	5.000e+01	2.512e-02	1.301e-07	1.573e+00	1.186678e+01	0.1387	1.799062e+02	3.513e+01
340	0.6654	-2.73e-03	 3.0	 3.0	0.50	 2.0	5.000e+01	2.511e-02	1.322e-07	1.588e+00	1.186311e+01	0.1386	1.885938e+02	3.656e+01
341	0.6651	-2.84e-03	 3.0	 3.0	0.50	 2.0	5.000e+01	2.337e-02	1.302e-07	1.534e+00	1.188425e+01	0.1386	1.784844e+02	3.505e+01
342	0.6647	-2.97e-03	 3.0	 3.0	0.50	 2.0	5.000e+01	2.865e-02	1.317e-07	1.550e+00	1.187905e+01	0.1386	1.722188e+02	3.351e+01
343	0.6640	-3.04e-03	 3.0	 3.0	0.50	 2.0	5.000e+01	2.331e-02	1.309e-07	1.548e+00	1.189271e+01	0.1386	1.718906e+02	3.373e+01
344	0.6634	-3.02e-03	 3.0	 3.0	0.50	 2.0	5.000e+01	2.323e-02	1.313e-07	1.557e+00	1.189802e+01	0.1386	1.658125e+02	3.234e+01
345	0.6628	-3.00e-03	 3.0	 3.0	0.50	 2.0	5.000e+01	2.167e-02	1.318e-07	1.554e+00	1.190818e+01	0.1386	1.812188e+02	3.528e+01
346	0.6620	-2.99e-03	 3.0	 3.0	0.50	 2.0	5.000e+01	2.393e-02	1.321e-07	1.550e+00	1.192364e+01	0.1386	1.604375e+02	3.167e+01
347	0.6613	-2.99e-03	 3.0	 3.0	0.50	 2.0	5.000e+01	2.475e-02	1.318e-07	1.534e+00	1.194190e+01	0.1386	1.685625e+02	3.300e+01
348	0.6605	-2.98e-03	 3.0	 3.0	0.50	 2.0	5.000e+01	2.499e-02	1.311e-07	1.518e+00	1.195654e+01	0.1386	1.735625e+02	3.369e+01
349	0.6598	-2.95e-03	 3.0	 3.0	0.50	 2.0	5.000e+01	2.510e-02	1.309e-07	1.490e+00	1.196229e+01	0.1386	1.689219e+02	3.277e+01
350	0.6593	-2.89e-03	 3.0	 3.0	0.50	 2.0	5.000e+01	2.500e-02	1.311e-07	1.476e+00	1.196541e+01	0.1386	1.662031e+02	3.272e+01
351	0.6588	-2.83e-03	 3.0	 3.0	0.50	 2.0	5.000e+01	1.786e-02	1.311e-07	1.493e+00	1.197137e+01	0.1386	1.677656e+02	3.280e+01
352	0.6583	-2.77e-03	 3.0	 3.0	0.50	 2.0	5.000e+01	1.990e-02	1.312e-07	1.494e+00	1.197721e+01	0.1386	1.667656e+02	3.256e+01
353	0.6579	-2.72e-03	 3.0	 3.0	0.50	 2.0	5.000e+01	2.156e-02	1.313e-07	1.494e+00	1.198398e+01	0.1386	1.715469e+02	3.389e+01
354	0.6574	-2.67e-03	 3.0	 3.0	0.50	 2.0	5.000e+01	2.312e-02	1.314e-07	1.505e+00	1.199187e+01	0.1387	1.778750e+02	3.469e+01
355	0.6569	-2.62e-03	 3.0	 3.0	0.50	 2.0	5.000e+01	2.304e-02	1.317e-07	1.503e+00	1.200089e+01	0.1387	1.615781e+02	3.168e+01
356	0.6565	-2.56e-03	 3.0	 3.0	0.50	 2.0	5.000e+01	2.002e-02	1.318e-07	1.500e+00	1.201363e+01	0.1387	1.725312e+02	3.353e+01
357	0.6561	-2.50e-03	 3.0	 3.0	0.50	 2.0	5.000e+01	1.781e-02	1.315e-07	1.493e+00	1.202694e+01	0.1387	1.461719e+02	2.904e+01
358	0.6558	-2.44e-03	 3.0	 3.0	0.50	 2.0	5.000e+01	1.617e-02	1.315e-07	1.494e+00	1.203577e+01	0.1387	1.680781e+02	3.285e+01
359	0.6555	-2.38e-03	 3.0	 3.0	0.50	 2.0	5.000e+01	1.320e-02	1.315e-07	1.493e+00	1.204497e+01	0.1387	1.689688e+02	3.332e+01
360	0.6551	-2.32e-03	 3.0	 3.0	0.50	 2.0	5.000e+01	9.685e-03	1.315e-07	1.498e+00	1.205376e+01	0.1387	1.558125e+02	3.118e+01
361	0.6548	-2.26e-03	 3.0	 3.0	0.50	 2.0	5.000e+01	9.269e-03	1.318e-07	1.508e+00	1.206238e+01	0.1387	1.702656e+02	3.331e+01
362	0.6545	-2.21e-03	 3.0	 3.0	0.50	 2.0	5.000e+01	1.271e-02	1.319e-07	1.516e+00	1.207377e+01	0.1387	1.756719e+02	3.467e+01
363	0.6541	-2.16e-03	 3.0	 3.0	0.50	 2.0	5.000e+01	1.515e-02	1.317e-07	1.518e+00	1.208564e+01	0.1387	1.440469e+02	2.894e+01
364	0.6538	-2.12e-03	 3.0	 3.0	0.50	 2.0	5.000e+01	1.509e-02	1.319e-07	1.523e+00	1.209429e+01	0.1387	1.689375e+02	3.318e+01
365	0.6534	-2.09e-03	 3.0	 3.0	0.50	 2.0	5.000e+01	1.707e-02	1.316e-07	1.519e+00	1.210535e+01	0.1387	1.776562e+02	3.464e+01
366	0.6529	-2.07e-03	 3.0	 3.0	0.50	 2.0	5.000e+01	1.652e-02	1.325e-07	1.531e+00	1.211178e+01	0.1387	1.965156e+02	3.807e+01
367	0.6524	-2.08e-03	 3.0	 3.0	0.50	 2.0	5.000e+01	2.250e-02	1.317e-07	1.499e+00	1.212724e+01	0.1387	1.947969e+02	3.787e+01
368	0.6519	-2.13e-03	 3.0	 3.0	0.50	 2.0	5.000e+01	2.335e-02	1.338e-07	1.566e+00	1.213193e+01	0.1387	1.652344e+02	3.237e+01
369	0.6515	-2.25e-03	 3.0	 3.0	0.50	 2.0	5.000e+01	2.329e-02	1.317e-07	1.447e+00	1.215996e+01	0.1387	1.909219e+02	3.720e+01
370	0.6513	-2.45e-03	 3.0	 3.0	0.50	 2.0	5.000e+01	2.463e-02	1.341e-07	1.582e+00	1.216162e+01	0.1387	1.839375e+02	3.575e+01
371	0.6506	-2.67e-03	 3.0	 3.0	0.50	 2.0	5.000e+01	2.334e-02	1.317e-07	1.470e+00	1.219083e+01	0.1387	1.875938e+02	3.625e+01
372	0.6499	-2.70e-03	 3.0	 3.0	0.50	 2.0	5.000e+01	2.336e-02	1.324e-07	1.542e+00	1.219391e+01	0.1386	1.941250e+02	3.755e+01
373	0.6492	-2.70e-03	 3.0	 3.0	0.50	 2.0	5.000e+01	2.434e-02	1.322e-07	1.483e+00	1.220476e+01	0.1386	1.777344e+02	3.432e+01
374	0.6486	-2.68e-03	 3.0	 3.0	0.50	 2.0	5.000e+01	2.103e-02	1.320e-07	1.465e+00	1.221294e+01	0.1387	1.882500e+02	3.670e+01
375	0.6480	-2.66e-03	 3.0	 3.0	0.50	 2.0	5.000e+01	2.135e-02	1.318e-07	1.464e+00	1.221902e+01	0.1387	1.886250e+02	3.666e+01
376	0.6474	-2.65e-03	 3.0	 3.0	0.50	 2.0	5.000e+01	2.148e-02	1.318e-07	1.474e+00	1.222146e+01	0.1387	1.884688e+02	3.677e+01
377	0.6467	-2.65e-03	 3.0	 3.0	0.50	 2.0	5.000e+01	2.310e-02	1.319e-07	1.471e+00	1.222385e+01	0.1387	1.850625e+02	3.569e+01
378	0.6460	-2.67e-03	 3.0	 3.0	0.50	 2.0	5.000e+01	2.319e-02	1.319e-07	1.472e+00	1.222691e+01	0.1387	1.571094e+02	3.097e+01
379	0.6452	-2.69e-03	 3.0	 3.0	0.50	 2.0	5.000e+01	2.323e-02	1.319e-07	1.467e+00	1.223007e+01	0.1387	1.833125e+02	3.559e+01
380	0.6443	-2.72e-03	 3.0	 3.0	0.50	 2.0	5.000e+01	2.325e-02	1.319e-07	1.453e+00	1.223301e+01	0.1386	1.798125e+02	3.495e+01
381	0.6434	-2.76e-03	 3.0	 3.0	0.50	 2.0	5.000e+01	2.325e-02	1.318e-07	1.453e+00	1.223487e+01	0.1386	1.723125e+02	3.365e+01
382	0.6425	-2.81e-03	 3.0	 3.0	0.50	 2.0	5.000e+01	2.323e-02	1.320e-07	1.462e+00	1.223586e+01	0.1386	1.475469e+02	2.970e+01
383	0.6416	-2.85e-03	 3.0	 3.0	0.50	 2.0	5.000e+01	2.277e-02	1.316e-07	1.503e+00	1.223886e+01	0.1386	1.933438e+02	3.697e+01
384	0.6408	-2.84e-03	 3.0	 3.0	0.50	 2.0	5.000e+01	2.365e-02	1.315e-07	1.508e+00	1.223815e+01	0.1386	1.727500e+02	3.395e+01
385	0.6402	-2.82e-03	 3.0	 3.0	0.50	 2.0	5.000e+01	2.008e-02	1.314e-07	1.551e+00	1.223744e+01	0.1386	1.578750e+02	3.157e+01
386	0.6398	-2.77e-03	 3.0	 3.0	0.50	 2.0	5.000e+01	2.546e-02	1.316e-07	1.515e+00	1.223602e+01	0.1386	1.751562e+02	3.447e+01
387	0.6395	-2.73e-03	 3.0	 3.0	0.50	 2.0	5.000e+01	2.186e-02	1.318e-07	1.586e+00	1.223668e+01	0.1386	1.688125e+02	3.328e+01
388	0.6394	-2.75e-03	 3.0	 3.0	0.50	 2.0	5.000e+01	3.630e-02	1.320e-07	1.439e+00	1.223950e+01	0.1386	1.668594e+02	3.279e+01
389	0.6397	-2.88e-03	 3.0	 3.0	0.50	 2.0	5.000e+01	3.303e-02	1.325e-07	1.607e+00	1.224183e+01	0.1386	1.708281e+02	3.326e+01
390	0.6394	-3.06e-03	 3.0	 3.0	0.50	 2.0	5.000e+01	3.657e-02	1.316e-07	1.443e+00	1.224932e+01	0.1386	1.760781e+02	3.409e+01
391	0.6391	-3.04e-03	 3.0	 3.0	0.50	 2.0	5.000e+01	1.574e-02	1.312e-07	1.504e+00	1.224918e+01	0.1386	1.629375e+02	3.159e+01
392	0.6388	-2.94e-03	 3.0	 3.0	0.50	 2.0	5.000e+01	1.108e-02	1.311e-07	1.483e+00	1.224549e+01	0.1386	1.868281e+02	3.580e+01
393	0.6385	-2.83e-03	 3.0	 3.0	0.50	 2.0	5.000e+01	5.037e-03	1.312e-07	1.486e+00	1.224164e+01	0.1386	1.605781e+02	3.169e+01
394	0.6383	-2.73e-03	 3.0	 3.0	0.50	 2.0	5.000e+01	6.041e-03	1.312e-07	1.487e+00	1.223815e+01	0.1386	1.894219e+02	3.652e+01
395	0.6380	-2.64e-03	 3.0	 3.0	0.50	 2.0	5.000e+01	7.037e-03	1.312e-07	1.488e+00	1.223509e+01	0.1387	1.771250e+02	3.477e+01
396	0.6377	-2.56e-03	 3.0	 3.0	0.50	 2.0	5.000e+01	8.209e-03	1.313e-07	1.490e+00	1.223247e+01	0.1387	1.908750e+02	3.688e+01
397	0.6374	-2.48e-03	 3.0	 3.0	0.50	 2.0	5.000e+01	9.576e-03	1.313e-07	1.491e+00	1.223030e+01	0.1387	1.630000e+02	3.260e+01
398	0.6371	-2.41e-03	 3.0	 3.0	0.50	 2.0	5.000e+01	1.115e-02	1.311e-07	1.499e+00	1.222855e+01	0.1387	1.801094e+02	3.520e+01
399	0.6368	-2.35e-03	 3.0	 3.0	0.50	 2.0	5.000e+01	1.243e-02	1.312e-07	1.503e+00	1.222445e+01	0.1387	1.674219e+02	3.282e+01
400	0.6364	-2.30e-03	 3.0	 3.0	0.50	 2.0	5.000e+01	1.572e-02	1.313e-07	1.504e+00	1.222145e+01	0.1387	1.776094e+02	3.499e+01
401	0.6361	-2.25e-03	 3.0	 3.0	0.50	 2.0	5.000e+01	1.632e-02	1.313e-07	1.505e+00	1.221937e+01	0.1387	1.767188e+02	3.445e+01
402	0.6357	-2.22e-03	 3.0	 3.0	0.50	 2.0	5.000e+01	1.666e-02	1.314e-07	1.501e+00	1.221805e+01	0.1387	1.770469e+02	3.448e+01
403	0.6352	-2.19e-03	 3.0	 3.0	0.50	 2.0	5.000e+01	1.418e-02	1.314e-07	1.501e+00	1.221709e+01	0.1387	1.772969e+02	3.447e+01
404	0.6348	-2.18e-03	 3.0	 3.0	0.50	 2.0	5.000e+01	1.542e-02	1.314e-07	1.491e+00	1.221671e+01	0.1387	1.771406e+02	3.492e+01
405	0.6343	-2.17e-03	 3.0	 3.0	0.50	 2.0	5.000e+01	1.597e-02	1.314e-07	1.497e+00	1.221534e+01	0.1387	1.802500e+02	3.508e+01
406	0.6338	-2.18e-03	 3.0	 3.0	0.50	 2.0	5.000e+01	2.016e-02	1.315e-07	1.476e+00	1.221387e+01	0.1387	1.602500e+02	3.137e+01
407	0.6335	-2.23e-03	 3.0	 3.0	0.50	 2.0	5.000e+01	2.538e-02	1.322e-07	1.487e+00	1.221372e+01	0.1387	1.758438e+02	3.441e+01
408	0.6335	-2.37e-03	 3.0	 3.0	0.50	 2.0	5.000e+01	2.673e-02	1.318e-07	1.443e+00	1.222004e+01	0.1387	1.845000e+02	3.596e+01
409	0.6337	-2.63e-03	 3.0	 3.0	0.50	 2.0	5.000e+01	3.031e-02	1.332e-07	1.514e+00	1.221840e+01	0.1387	1.769688e+02	3.453e+01
410	0.6332	-2.86e-03	 3.0	 3.0	0.50	 2.0	5.000e+01	2.336e-02	1.310e-07	1.430e+00	1.223431e+01	0.1386	1.775000e+02	3.469e+01
411	0.6327	-2.89e-03	 3.0	 3.0	0.50	 2.0	5.000e+01	2.322e-02	1.313e-07	1.474e+00	1.222693e+01	0.1386	1.856562e+02	3.612e+01
412	0.6324	-2.81e-03	 3.0	 3.0	0.50	 2.0	5.000e+01	8.984e-03	1.311e-07	1.456e+00	1.222506e+01	0.1386	1.685469e+02	3.303e+01
413	0.6320	-2.73e-03	 3.0	 3.0	0.50	 2.0	5.000e+01	1.161e-02	1.311e-07	1.453e+00	1.222113e+01	0.1386	1.692188e+02	3.331e+01
414	0.6317	-2.66e-03	 3.0	 3.0	0.50	 2.0	5.000e+01	1.240e-02	1.311e-07	1.448e+00	1.221722e+01	0.1387	1.642812e+02	3.257e+01
415	0.6313	-2.60e-03	 3.0	 3.0	0.50	 2.0	5.000e+01	1.270e-02	1.313e-07	1.461e+00	1.221294e+01	0.1387	1.770156e+02	3.458e+01
416	0.6310	-2.53e-03	 3.0	 3.0	0.50	 2.0	5.000e+01	1.280e-02	1.313e-07	1.465e+00	1.221231e+01	0.1387	1.819688e+02	3.547e+01
417	0.6306	-2.48e-03	 3.0	 3.0	0.50	 2.0	5.000e+01	1.210e-02	1.314e-07	1.467e+00	1.221143e+01	0.1387	1.783281e+02	3.512e+01
418	0.6302	-2.43e-03	 3.0	 3.0	0.50	 2.0	5.000e+01	1.283e-02	1.314e-07	1.468e+00	1.221112e+01	0.1387	1.714531e+02	3.354e+01
419	0.6298	-2.39e-03	 3.0	 3.0	0.50	 2.0	5.000e+01	1.455e-02	1.315e-07	1.469e+00	1.221140e+01	0.1387	1.549531e+02	3.075e+01
420	0.6293	-2.36e-03	 3.0	 3.0	0.50	 2.0	5.000e+01	1.773e-02	1.316e-07	1.468e+00	1.221267e+01	0.1387	1.808281e+02	3.515e+01
421	0.6288	-2.34e-03	 3.0	 3.0	0.50	 2.0	5.000e+01	1.896e-02	1.311e-07	1.455e+00	1.221448e+01	0.1387	1.698594e+02	3.333e+01
422	0.6284	-2.31e-03	 3.0	 3.0	0.50	 2.0	5.000e+01	1.621e-02	1.314e-07	1.466e+00	1.221044e+01	0.1387	1.858125e+02	3.627e+01
423	0.6280	-2.27e-03	 3.0	 3.0	0.50	 2.0	5.000e+01	1.361e-02	1.312e-07	1.466e+00	1.220957e+01	0.1387	1.688125e+02	3.319e+01
424	0.6276	-2.24e-03	 3.0	 3.0	0.50	 2.0	5.000e+01	1.247e-02	1.314e-07	1.472e+00	1.220744e+01	0.1387	1.809531e+02	3.507e+01
425	0.6273	-2.22e-03	 3.0	 3.0	0.50	 2.0	5.000e+01	1.299e-02	1.313e-07	1.459e+00	1.220746e+01	0.1387	1.899688e+02	3.708e+01
426	0.6268	-2.21e-03	 3.0	 3.0	0.50	 2.0	5.000e+01	1.587e-02	1.315e-07	1.471e+00	1.220593e+01	0.1387	1.795469e+02	3.514e+01
427	0.6264	-2.21e-03	 3.0	 3.0	0.50	 2.0	5.000e+01	1.778e-02	1.318e-07	1.445e+00	1.220557e+01	0.1387	1.811250e+02	3.567e+01
428	0.6260	-2.24e-03	 3.0	 3.0	0.50	 2.0	5.000e+01	2.269e-02	1.315e-07	1.465e+00	1.220915e+01	0.1387	1.627812e+02	3.247e+01
429	0.6254	-2.29e-03	 3.0	 3.0	0.50	 2.0	5.000e+01	2.321e-02	1.322e-07	1.456e+00	1.220785e+01	0.1387	1.789219e+02	3.547e+01
430	0.6248	-2.33e-03	 3.0	 3.0	0.50	 2.0	5.000e+01	2.321e-02	1.317e-07	1.453e+00	1.221581e+01	0.1387	1.773125e+02	3.470e+01
431	0.6242	-2.36e-03	 3.0	 3.0	0.50	 2.0	5.000e+01	2.319e-02	1.321e-07	1.446e+00	1.221726e+01	0.1387	1.859219e+02	3.621e+01
432	0.6234	-2.39e-03	 3.0	 3.0	0.50	 2.0	5.000e+01	2.311e-02	1.320e-07	1.444e+00	1.222272e+01	0.1387	1.946250e+02	3.778e+01
433	0.6226	-2.44e-03	 3.0	 3.0	0.50	 2.0	5.000e+01	2.317e-02	1.319e-07	1.457e+00	1.222629e+01	0.1387	1.789062e+02	3.517e+01
434	0.6218	-2.47e-03	 3.0	 3.0	0.50	 2.0	5.000e+01	2.270e-02	1.318e-07	1.516e+00	1.222949e+01	0.1387	1.941406e+02	3.809e+01
435	0.6213	-2.45e-03	 3.0	 3.0	0.50	 2.0	5.000e+01	1.696e-02	1.319e-07	1.534e+00	1.223295e+01	0.1387	1.918594e+02	3.744e+01
436	0.6209	-2.40e-03	 3.0	 3.0	0.50	 2.0	5.000e+01	1.839e-02	1.319e-07	1.539e+00	1.223783e+01	0.1387	1.834688e+02	3.636e+01
437	0.6205	-2.36e-03	 3.0	 3.0	0.50	 2.0	5.000e+01	1.764e-02	1.322e-07	1.532e+00	1.224302e+01	0.1387	1.713750e+02	3.397e+01
438	0.6201	-2.31e-03	 3.0	 3.0	0.50	 2.0	5.000e+01	1.567e-02	1.324e-07	1.525e+00	1.225118e+01	0.1387	1.746250e+02	3.476e+01
439	0.6197	-2.28e-03	 3.0	 3.0	0.50	 2.0	5.000e+01	2.024e-02	1.326e-07	1.516e+00	1.226063e+01	0.1387	1.750938e+02	3.452e+01
440	0.6192	-2.25e-03	 3.0	 3.0	0.50	 2.0	5.000e+01	1.796e-02	1.326e-07	1.508e+00	1.227195e+01	0.1387	1.826719e+02	3.584e+01
441	0.6188	-2.24e-03	 3.0	 3.0	0.50	 2.0	5.000e+01	2.164e-02	1.328e-07	1.495e+00	1.228310e+01	0.1387	1.733906e+02	3.423e+01
442	0.6183	-2.23e-03	 3.0	 3.0	0.50	 2.0	5.000e+01	1.890e-02	1.326e-07	1.486e+00	1.229595e+01	0.1387	1.686250e+02	3.331e+01
443	0.6177	-2.23e-03	 3.0	 3.0	0.50	 2.0	5.000e+01	2.406e-02	1.330e-07	1.474e+00	1.230550e+01	0.1387	1.647188e+02	3.271e+01
444	0.6172	-2.23e-03	 3.0	 3.0	0.50	 2.0	5.000e+01	1.931e-02	1.320e-07	1.480e+00	1.231917e+01	0.1387	1.706719e+02	3.377e+01
445	0.6166	-2.23e-03	 3.0	 3.0	0.50	 2.0	5.000e+01	2.872e-02	1.326e-07	1.472e+00	1.232113e+01	0.1387	1.707031e+02	3.358e+01
446	0.6162	-2.24e-03	 3.0	 3.0	0.50	 2.0	5.000e+01	2.295e-02	1.310e-07	1.460e+00	1.232990e+01	0.1387	1.781719e+02	3.495e+01
447	0.6158	-2.24e-03	 3.0	 3.0	0.50	 2.0	5.000e+01	2.159e-02	1.320e-07	1.458e+00	1.231974e+01	0.1387	1.606562e+02	3.211e+01
448	0.6155	-2.25e-03	 3.0	 3.0	0.50	 2.0	5.000e+01	2.331e-02	1.309e-07	1.425e+00	1.232183e+01	0.1387	1.805781e+02	3.542e+01
449	0.6152	-2.24e-03	 3.0	 3.0	0.50	 2.0	5.000e+01	2.324e-02	1.315e-07	1.449e+00	1.230983e+01	0.1387	1.562812e+02	3.062e+01
450	0.6149	-2.21e-03	 3.0	 3.0	0.50	 2.0	5.000e+01	1.775e-02	1.312e-07	1.441e+00	1.230691e+01	0.1387	1.782812e+02	3.518e+01
451	0.6146	-2.16e-03	 3.0	 3.0	0.50	 2.0	5.000e+01	1.739e-02	1.313e-07	1.426e+00	1.230054e+01	0.1387	1.677188e+02	3.302e+01
452	0.6144	-2.10e-03	 3.0	 3.0	0.50	 2.0	5.000e+01	1.148e-02	1.311e-07	1.412e+00	1.229581e+01	0.1387	1.716250e+02	3.386e+01
453	0.6141	-2.04e-03	 3.0	 3.0	0.50	 2.0	5.000e+01	9.143e-03	1.312e-07	1.411e+00	1.228887e+01	0.1387	1.634844e+02	3.268e+01
454	0.6139	-1.98e-03	 3.0	 3.0	0.50	 2.0	5.000e+01	9.065e-03	1.312e-07	1.409e+00	1.228342e+01	0.1387	1.952812e+02	3.838e+01
455	0.6137	-1.93e-03	 3.0	 3.0	0.50	 2.0	5.000e+01	8.974e-03	1.312e-07	1.407e+00	1.227843e+01	0.1388	1.798125e+02	3.527e+01
456	0.6134	-1.89e-03	 3.0	 3.0	0.50	 2.0	5.000e+01	9.096e-03	1.312e-07	1.407e+00	1.227360e+01	0.1388	1.667656e+02	3.295e+01
457	0.6131	-1.85e-03	 3.0	 3.0	0.50	 2.0	5.000e+01	9.699e-03	1.312e-07	1.407e+00	1.226890e+01	0.1388	1.527188e+02	3.032e+01
458	0.6128	-1.82e-03	 3.0	 3.0	0.50	 2.0	5.000e+01	1.152e-02	1.312e-07	1.408e+00	1.226416e+01	0.1388	1.443906e+02	2.886e+01
459	0.6125	-1.79e-03	 3.0	 3.0	0.50	 2.0	5.000e+01	1.350e-02	1.312e-07	1.407e+00	1.225978e+01	0.1388	1.717500e+02	3.367e+01
460	0.6121	-1.78e-03	 3.0	 3.0	0.50	 2.0	5.000e+01	1.584e-02	1.315e-07	1.406e+00	1.225539e+01	0.1388	1.496406e+02	2.992e+01
461	0.6117	-1.78e-03	 3.0	 3.0	0.50	 2.0	5.000e+01	1.799e-02	1.310e-07	1.410e+00	1.225392e+01	0.1388	1.545625e+02	3.079e+01
462	0.6113	-1.78e-03	 3.0	 3.0	0.50	 2.0	5.000e+01	2.131e-02	1.369e-07	1.389e+00	1.224626e+01	0.1388	1.373594e+02	2.765e+01
463	0.6303	-1.82e-03	 3.0	 3.0	0.50	 2.0	5.000e+01	3.861e-02	1.261e-07	7.156e-01	1.231868e+01	0.1388	1.558906e+02	3.119e+01
464	0.6119	-2.21e-03	 3.0	 3.0	0.50	 2.0	5.000e+01	4.984e-02	1.351e-07	1.312e+00	1.224906e+01	0.1387	1.542500e+02	3.056e+01
465	0.6126	-2.44e-03	 3.0	 3.0	0.50	 2.0	5.000e+01	5.010e-02	1.278e-07	1.477e+00	1.228939e+01	0.1387	1.512500e+02	2.999e+01
466	0.6124	-2.85e-03	 3.0	 3.0	0.50	 2.0	5.000e+01	4.238e-02	1.354e-07	1.272e+00	1.223384e+01	0.1386	1.920469e+02	3.752e+01
467	0.6119	-3.00e-03	 3.0	 3.0	0.50	 2.0	5.000e+01	3.207e-02	1.312e-07	1.397e+00	1.227250e+01	0.1386	1.502344e+02	2.994e+01
468	0.6115	-2.94e-03	 3.0	 3.0	0.50	 2.0	5.000e+01	1.279e-02	1.318e-07	1.331e+00	1.226740e+01	0.1386	1.460156e+02	2.898e+01
469	0.6113	-2.84e-03	 3.0	 3.0	0.50	 2.0	5.000e+01	7.462e-03	1.313e-07	1.329e+00	1.226986e+01	0.1386	1.646094e+02	3.218e+01
470	0.6110	-2.75e-03	 3.0	 3.0	0.50	 2.0	5.000e+01	8.354e-03	1.314e-07	1.325e+00	1.226622e+01	0.1386	1.577031e+02	3.103e+01
471	0.6108	-2.66e-03	 3.0	 3.0	0.50	 2.0	5.000e+01	8.865e-03	1.315e-07	1.327e+00	1.226461e+01	0.1387	1.383125e+02	2.767e+01
472	0.6105	-2.59e-03	 3.0	 3.0	0.50	 2.0	5.000e+01	9.888e-03	1.316e-07	1.330e+00	1.226391e+01	0.1387	1.607656e+02	3.178e+01
473	0.6102	-2.51e-03	 3.0	 3.0	0.50	 2.0	5.000e+01	1.132e-02	1.317e-07	1.332e+00	1.226414e+01	0.1387	1.576719e+02	3.059e+01
474	0.6099	-2.45e-03	 3.0	 3.0	0.50	 2.0	5.000e+01	1.296e-02	1.315e-07	1.326e+00	1.226548e+01	0.1387	1.653594e+02	3.253e+01
475	0.6096	-2.39e-03	 3.0	 3.0	0.50	 2.0	5.000e+01	1.407e-02	1.313e-07	1.327e+00	1.226532e+01	0.1387	1.587344e+02	3.130e+01
476	0.6094	-2.32e-03	 3.0	 3.0	0.50	 2.0	5.000e+01	1.512e-02	1.313e-07	1.335e+00	1.226169e+01	0.1387	1.557031e+02	3.029e+01
477	0.6091	-2.26e-03	 3.0	 3.0	0.50	 2.0	5.000e+01	1.520e-02	1.313e-07	1.338e+00	1.225809e+01	0.1387	1.657344e+02	3.235e+01
478	0.6089	-2.20e-03	 3.0	 3.0	0.50	 2.0	5.000e+01	1.452e-02	1.314e-07	1.342e+00	1.225468e+01	0.1387	1.697031e+02	3.312e+01
479	0.6086	-2.14e-03	 3.0	 3.0	0.50	 2.0	5.000e+01	1.424e-02	1.314e-07	1.341e+00	1.225263e+01	0.1387	1.613125e+02	3.172e+01
480	0.6083	-2.08e-03	 3.0	 3.0	0.50	 2.0	5.000e+01	1.310e-02	1.314e-07	1.343e+00	1.225064e+01	0.1387	1.657031e+02	3.254e+01
481	0.6081	-2.03e-03	 3.0	 3.0	0.50	 2.0	5.000e+01	1.181e-02	1.316e-07	1.350e+00	1.224943e+01	0.1387	1.658281e+02	3.233e+01
482	0.6079	-1.97e-03	 3.0	 3.0	0.50	 2.0	5.000e+01	1.154e-02	1.318e-07	1.351e+00	1.225081e+01	0.1388	1.504375e+02	2.962e+01
483	0.6076	-1.92e-03	 3.0	 3.0	0.50	 2.0	5.000e+01	7.822e-03	1.317e-07	1.358e+00	1.225517e+01	0.1388	1.564219e+02	3.087e+01
484	0.6074	-1.86e-03	 3.0	 3.0	0.50	 2.0	5.000e+01	6.581e-03	1.317e-07	1.352e+00	1.225799e+01	0.1388	1.538438e+02	3.024e+01
485	0.6072	-1.81e-03	 3.0	 3.0	0.50	 2.0	5.000e+01	8.816e-03	1.315e-07	1.367e+00	1.226063e+01	0.1388	1.580781e+02	3.076e+01
486	0.6070	-1.77e-03	 3.0	 3.0	0.50	 2.0	5.000e+01	8.590e-03	1.318e-07	1.344e+00	1.225972e+01	0.1388	1.615938e+02	3.179e+01
487	0.6068	-1.74e-03	 3.0	 3.0	0.50	 2.0	5.000e+01	1.508e-02	1.311e-07	1.386e+00	1.226342e+01	0.1388	1.599375e+02	3.125e+01
488	0.6065	-1.71e-03	 3.0	 3.0	0.50	 2.0	5.000e+01	1.152e-02	1.318e-07	1.336e+00	1.225719e+01	0.1388	1.644219e+02	3.211e+01
489	0.6063	-1.70e-03	 3.0	 3.0	0.50	 2.0	5.000e+01	1.732e-02	1.313e-07	1.382e+00	1.225980e+01	0.1388	1.648750e+02	3.177e+01
490	0.6060	-1.67e-03	 3.0	 3.0	0.50	 2.0	5.000e+01	1.329e-02	1.315e-07	1.352e+00	1.225603e+01	0.1388	1.683125e+02	3.221e+01
491	0.6057	-1.66e-03	 3.0	 3.0	0.50	 2.0	5.000e+01	1.928e-02	1.314e-07	1.354e+00	1.225513e+01	0.1388	1.537500e+02	3.010e+01
492	0.6054	-1.64e-03	 3.0	 3.0	0.50	 2.0	5.000e+01	1.884e-02	1.315e-07	1.345e+00	1.225301e+01	0.1388	1.652812e+02	3.226e+01
493	0.6050	-1.63e-03	 3.0	 3.0	0.50	 2.0	5.000e+01	2.011e-02	1.315e-07	1.353e+00	1.225190e+01	0.1388	1.660469e+02	3.230e+01
494	0.6047	-1.63e-03	 3.0	 3.0	0.50	 2.0	5.000e+01	1.991e-02	1.316e-07	1.351e+00	1.225088e+01	0.1388	1.675000e+02	3.255e+01
495	0.6043	-1.63e-03	 3.0	 3.0	0.50	 2.0	5.000e+01	2.163e-02	1.317e-07	1.360e+00	1.225152e+01	0.1388	1.632656e+02	3.178e+01
496	0.6039	-1.63e-03	 3.0	 3.0	0.50	 2.0	5.000e+01	1.906e-02	1.318e-07	1.367e+00	1.225284e+01	0.1388	1.422969e+02	2.822e+01
497	0.6036	-1.62e-03	 3.0	 3.0	0.50	 2.0	5.000e+01	2.081e-02	1.321e-07	1.365e+00	1.225616e+01	0.1388	1.609062e+02	3.133e+01
498	0.6032	-1.63e-03	 3.0	 3.0	0.50	 2.0	5.000e+01	2.274e-02	1.322e-07	1.369e+00	1.226196e+01	0.1388	1.551406e+02	3.061e+01
499	0.6028	-1.64e-03	 3.0	 3.0	0.50	 2.0	5.000e+01	2.245e-02	1.327e-07	1.369e+00	1.226954e+01	0.1388	1.660312e+02	3.225e+01
500	0.6023	-1.66e-03	 3.0	 3.0	0.50	 2.0	5.000e+01	2.692e-02	1.330e-07	1.374e+00	1.228191e+01	0.1388	1.374219e+02	2.782e+01
501	0.6018	-1.69e-03	 3.0	 3.0	0.50	 2.0	5.000e+01	2.482e-02	1.338e-07	1.370e+00	1.229714e+01	0.1388	1.617188e+02	3.186e+01
502	0.6013	-1.73e-03	 3.0	 3.0	0.50	 2.0	5.000e+01	3.631e-02	1.345e-07	1.382e+00	1.232093e+01	0.1388	1.589688e+02	3.127e+01
503	0.6008	-1.75e-03	 3.0	 3.0	0.50	 2.0	5.000e+01	2.556e-02	1.351e-07	1.378e+00	1.235253e+01	0.1388	1.712969e+02	3.322e+01
504	0.6003	-1.78e-03	 3.0	 3.0	0.50	 2.0	5.000e+01	3.880e-02	1.361e-07	1.379e+00	1.239068e+01	0.1388	1.742656e+02	3.381e+01
505	0.6000	-1.81e-03	 3.0	 3.0	0.50	 2.0	5.000e+01	3.551e-02	1.349e-07	1.398e+00	1.243876e+01	0.1388	1.570469e+02	3.086e+01
506	0.5997	-1.85e-03	 3.0	 3.0	0.50	 2.0	5.000e+01	5.373e-02	1.382e-07	1.342e+00	1.247042e+01	0.1388	1.655781e+02	3.253e+01
507	0.5999	-1.96e-03	 3.0	 3.0	0.50	 2.0	5.000e+01	3.766e-02	1.298e-07	1.471e+00	1.253774e+01	0.1388	1.739531e+02	3.416e+01
508	0.6002	-2.20e-03	 3.0	 3.0	0.50	 2.0	5.000e+01	5.527e-02	1.389e-07	1.292e+00	1.250106e+01	0.1387	1.732344e+02	3.362e+01
509	0.6000	-2.43e-03	 3.0	 3.0	0.50	 2.0	5.000e+01	3.817e-02	1.314e-07	1.461e+00	1.257126e+01	0.1387	1.596875e+02	3.143e+01
510	0.5997	-2.44e-03	 3.0	 3.0	0.50	 2.0	5.000e+01	3.050e-02	1.338e-07	1.354e+00	1.255507e+01	0.1387	1.775000e+02	3.419e+01
511	0.5994	-2.37e-03	 3.0	 3.0	0.50	 2.0	5.000e+01	1.124e-02	1.330e-07	1.373e+00	1.257051e+01	0.1387	1.897188e+02	3.619e+01
512	0.5992	-2.30e-03	 3.0	 3.0	0.50	 2.0	5.000e+01	1.137e-02	1.333e-07	1.370e+00	1.257638e+01	0.1387	1.650156e+02	3.253e+01
513	0.5990	-2.23e-03	 3.0	 3.0	0.50	 2.0	5.000e+01	1.220e-02	1.336e-07	1.371e+00	1.258511e+01	0.1387	1.606719e+02	3.152e+01
514	0.5987	-2.16e-03	 3.0	 3.0	0.50	 2.0	5.000e+01	1.407e-02	1.339e-07	1.376e+00	1.259637e+01	0.1387	1.757656e+02	3.411e+01
515	0.5984	-2.11e-03	 3.0	 3.0	0.50	 2.0	5.000e+01	1.621e-02	1.342e-07	1.379e+00	1.261046e+01	0.1387	1.750625e+02	3.391e+01
516	0.5981	-2.07e-03	 3.0	 3.0	0.50	 2.0	5.000e+01	1.870e-02	1.344e-07	1.379e+00	1.262747e+01	0.1387	1.712500e+02	3.360e+01
517	0.5978	-2.03e-03	 3.0	 3.0	0.50	 2.0	5.000e+01	1.964e-02	1.343e-07	1.381e+00	1.264615e+01	0.1387	1.752656e+02	3.411e+01
518	0.5975	-2.00e-03	 3.0	 3.0	0.50	 2.0	5.000e+01	2.108e-02	1.340e-07	1.377e+00	1.266343e+01	0.1387	1.840156e+02	3.581e+01
519	0.5971	-1.97e-03	 3.0	 3.0	0.50	 2.0	5.000e+01	1.816e-02	1.327e-07	1.374e+00	1.267559e+01	0.1388	1.774844e+02	3.499e+01
520	0.5968	-1.95e-03	 3.0	 3.0	0.50	 2.0	5.000e+01	1.429e-02	1.324e-07	1.360e+00	1.267186e+01	0.1388	1.783906e+02	3.504e+01
521	0.5965	-1.92e-03	 3.0	 3.0	0.50	 2.0	5.000e+01	1.616e-02	1.319e-07	1.356e+00	1.266422e+01	0.1388	1.809688e+02	3.539e+01
522	0.5962	-1.89e-03	 3.0	 3.0	0.50	 2.0	5.000e+01	1.715e-02	1.320e-07	1.362e+00	1.265082e+01	0.1388	1.718906e+02	3.357e+01
523	0.5959	-1.86e-03	 3.0	 3.0	0.50	 2.0	5.000e+01	9.993e-03	1.321e-07	1.356e+00	1.263972e+01	0.1388	1.722188e+02	3.372e+01
524	0.5957	-1.82e-03	 3.0	 3.0	0.50	 2.0	5.000e+01	1.091e-02	1.313e-07	1.355e+00	1.263032e+01	0.1388	1.637031e+02	3.227e+01
525	0.5954	-1.78e-03	 3.0	 3.0	0.50	 2.0	5.000e+01	1.146e-02	1.324e-07	1.343e+00	1.261195e+01	0.1388	1.737812e+02	3.388e+01
526	0.5952	-1.75e-03	 3.0	 3.0	0.50	 2.0	5.000e+01	1.404e-02	1.307e-07	1.353e+00	1.260726e+01	0.1388	1.736875e+02	3.411e+01
527	0.5950	-1.73e-03	 3.0	 3.0	0.50	 2.0	5.000e+01	1.410e-02	1.336e-07	1.321e+00	1.258301e+01	0.1388	1.654844e+02	3.245e+01
528	0.5948	-1.72e-03	 3.0	 3.0	0.50	 2.0	5.000e+01	1.931e-02	1.307e-07	1.365e+00	1.259384e+01	0.1388	1.744219e+02	3.382e+01
529	0.5946	-1.72e-03	 3.0	 3.0	0.50	 2.0	5.000e+01	1.882e-02	1.335e-07	1.281e+00	1.256976e+01	0.1388	1.679531e+02	3.284e+01
530	0.5944	-1.75e-03	 3.0	 3.0	0.50	 2.0	5.000e+01	2.618e-02	1.322e-07	1.357e+00	1.257988e+01	0.1388	1.574062e+02	3.102e+01
531	0.5941	-1.73e-03	 3.0	 3.0	0.50	 2.0	5.000e+01	2.319e-02	1.325e-07	1.271e+00	1.257482e+01	0.1388	1.775312e+02	3.451e+01
532	0.5938	-1.70e-03	 3.0	 3.0	0.50	 2.0	5.000e+01	2.005e-02	1.318e-07	1.276e+00	1.257335e+01	0.1388	1.533281e+02	3.002e+01
533	0.5936	-1.66e-03	 3.0	 3.0	0.50	 2.0	5.000e+01	1.229e-02	1.317e-07	1.288e+00	1.256314e+01	0.1388	1.513750e+02	2.970e+01
534	0.5935	-1.61e-03	 3.0	 3.0	0.50	 2.0	5.000e+01	1.178e-02	1.317e-07	1.294e+00	1.255266e+01	0.1388	1.665938e+02	3.249e+01
535	0.5933	-1.57e-03	 3.0	 3.0	0.50	 2.0	5.000e+01	1.216e-02	1.318e-07	1.298e+00	1.254295e+01	0.1388	1.675000e+02	3.276e+01
536	0.5931	-1.53e-03	 3.0	 3.0	0.50	 2.0	5.000e+01	1.157e-02	1.318e-07	1.298e+00	1.253403e+01	0.1388	1.711562e+02	3.347e+01
537	0.5929	-1.49e-03	 3.0	 3.0	0.50	 2.0	5.000e+01	1.153e-02	1.318e-07	1.294e+00	1.252634e+01	0.1388	1.550469e+02	3.059e+01
538	0.5927	-1.45e-03	 3.0	 3.0	0.50	 2.0	5.000e+01	1.072e-02	1.319e-07	1.290e+00	1.251874e+01	0.1388	1.657188e+02	3.226e+01
539	0.5926	-1.41e-03	 3.0	 3.0	0.50	 2.0	5.000e+01	1.010e-02	1.320e-07	1.288e+00	1.251208e+01	0.1388	1.603125e+02	3.140e+01
540	0.5924	-1.38e-03	 3.0	 3.0	0.50	 2.0	5.000e+01	1.005e-02	1.321e-07	1.286e+00	1.250752e+01	0.1388	1.597500e+02	3.122e+01
541	0.5922	-1.34e-03	 3.0	 3.0	0.50	 2.0	5.000e+01	9.810e-03	1.322e-07	1.286e+00	1.250451e+01	0.1388	1.810625e+02	3.528e+01
542	0.5920	-1.32e-03	 3.0	 3.0	0.50	 2.0	5.000e+01	1.092e-02	1.325e-07	1.282e+00	1.250264e+01	0.1388	1.404375e+02	2.829e+01
543	0.5918	-1.30e-03	 3.0	 3.0	0.50	 2.0	5.000e+01	1.287e-02	1.325e-07	1.283e+00	1.250351e+01	0.1388	1.540625e+02	3.017e+01
544	0.5915	-1.29e-03	 3.0	 3.0	0.50	 2.0	5.000e+01	1.571e-02	1.329e-07	1.275e+00	1.250474e+01	0.1388	1.456875e+02	2.911e+01
545	0.5912	-1.29e-03	 3.0	 3.0	0.50	 2.0	5.000e+01	1.799e-02	1.326e-07	1.284e+00	1.251033e+01	0.1388	1.509844e+02	2.964e+01
546	0.5909	-1.30e-03	 3.0	 3.0	0.50	 2.0	5.000e+01	2.269e-02	1.337e-07	1.264e+00	1.251217e+01	0.1388	1.547188e+02	3.060e+01
547	0.5906	-1.32e-03	 3.0	 3.0	0.50	 2.0	5.000e+01	2.207e-02	1.326e-07	1.302e+00	1.252694e+01	0.1388	1.557188e+02	3.056e+01
548	0.5902	-1.35e-03	 3.0	 3.0	0.50	 2.0	5.000e+01	3.106e-02	1.341e-07	1.228e+00	1.252779e+01	0.1388	1.732031e+02	3.401e+01
549	0.5898	-1.41e-03	 3.0	 3.0	0.50	 2.0	5.000e+01	2.500e-02	1.329e-07	1.322e+00	1.254520e+01	0.1388	1.470156e+02	2.890e+01
550	0.5894	-1.45e-03	 3.0	 3.0	0.50	 2.0	5.000e+01	3.574e-02	1.340e-07	1.235e+00	1.254832e+01	0.1388	1.680469e+02	3.285e+01
551	0.5889	-1.50e-03	 3.0	 3.0	0.50	 2.0	5.000e+01	2.728e-02	1.337e-07	1.279e+00	1.256407e+01	0.1388	1.710938e+02	3.317e+01
552	0.5885	-1.53e-03	 3.0	 3.0	0.50	 2.0	5.000e+01	3.471e-02	1.343e-07	1.240e+00	1.257655e+01	0.1388	1.738906e+02	3.387e+01
553	0.5880	-1.58e-03	 3.0	 3.0	0.50	 2.0	5.000e+01	3.616e-02	1.338e-07	1.253e+00	1.259544e+01	0.1388	1.560781e+02	3.066e+01
554	0.5875	-1.60e-03	 3.0	 3.0	0.50	 2.0	5.000e+01	3.645e-02	1.336e-07	1.242e+00	1.260817e+01	0.1388	1.626719e+02	3.188e+01
555	0.5870	-1.63e-03	 3.0	 3.0	0.50	 2.0	5.000e+01	3.658e-02	1.336e-07	1.258e+00	1.261794e+01	0.1388	1.728906e+02	3.399e+01
556	0.5865	-1.62e-03	 3.0	 3.0	0.50	 2.0	5.000e+01	3.673e-02	1.329e-07	1.241e+00	1.262797e+01	0.1388	1.815156e+02	3.554e+01
557	0.5863	-1.60e-03	 3.0	 3.0	0.50	 2.0	5.000e+01	2.283e-02	1.311e-07	1.281e+00	1.262893e+01	0.1388	1.721719e+02	3.417e+01
558	0.5861	-1.56e-03	 3.0	 3.0	0.50	 2.0	5.000e+01	2.017e-02	1.326e-07	1.252e+00	1.260849e+01	0.1388	1.518750e+02	3.001e+01
559	0.5859	-1.53e-03	 3.0	 3.0	0.50	 2.0	5.000e+01	2.287e-02	1.320e-07	1.275e+00	1.260711e+01	0.1388	1.942656e+02	3.736e+01
560	0.5857	-1.50e-03	 3.0	 3.0	0.50	 2.0	5.000e+01	1.918e-02	1.325e-07	1.266e+00	1.259823e+01	0.1388	1.827188e+02	3.564e+01
561	0.5855	-1.47e-03	 3.0	 3.0	0.50	 2.0	5.000e+01	2.034e-02	1.324e-07	1.273e+00	1.259550e+01	0.1388	1.878438e+02	3.610e+01
562	0.5853	-1.45e-03	 3.0	 3.0	0.50	 2.0	5.000e+01	1.926e-02	1.329e-07	1.273e+00	1.259231e+01	0.1388	1.853438e+02	3.582e+01
563	0.5851	-1.42e-03	 3.0	 3.0	0.50	 2.0	5.000e+01	1.195e-02	1.331e-07	1.288e+00	1.259579e+01	0.1388	1.770000e+02	3.466e+01
564	0.5849	-1.38e-03	 3.0	 3.0	0.50	 2.0	5.000e+01	1.317e-02	1.336e-07	1.284e+00	1.260145e+01	0.1388	1.738750e+02	3.425e+01
565	0.5847	-1.35e-03	 3.0	 3.0	0.50	 2.0	5.000e+01	1.444e-02	1.337e-07	1.288e+00	1.261285e+01	0.1388	1.653281e+02	3.230e+01
566	0.5845	-1.33e-03	 3.0	 3.0	0.50	 2.0	5.000e+01	1.737e-02	1.340e-07	1.287e+00	1.262527e+01	0.1388	1.797969e+02	3.509e+01
567	0.5843	-1.31e-03	 3.0	 3.0	0.50	 2.0	5.000e+01	1.977e-02	1.341e-07	1.290e+00	1.264046e+01	0.1388	1.651094e+02	3.268e+01
568	0.5840	-1.30e-03	 3.0	 3.0	0.50	 2.0	5.000e+01	2.266e-02	1.342e-07	1.287e+00	1.265605e+01	0.1388	1.872344e+02	3.656e+01
569	0.5838	-1.28e-03	 3.0	 3.0	0.50	 2.0	5.000e+01	2.299e-02	1.340e-07	1.289e+00	1.267196e+01	0.1388	1.666250e+02	3.257e+01
570	0.5835	-1.27e-03	 3.0	 3.0	0.50	 2.0	5.000e+01	2.305e-02	1.342e-07	1.288e+00	1.268439e+01	0.1388	1.787656e+02	3.515e+01
571	0.5833	-1.27e-03	 3.0	 3.0	0.50	 2.0	5.000e+01	2.297e-02	1.334e-07	1.282e+00	1.269856e+01	0.1388	1.626406e+02	3.199e+01
572	0.5831	-1.24e-03	 3.0	 3.0	0.50	 2.0	5.000e+01	2.026e-02	1.328e-07	1.284e+00	1.270331e+01	0.1389	1.791562e+02	3.505e+01
573	0.5830	-1.21e-03	 3.0	 3.0	0.50	 2.0	5.000e+01	7.431e-03	1.332e-07	1.286e+00	1.270120e+01	0.1389	1.755938e+02	3.424e+01
574	0.5828	-1.17e-03	 3.0	 3.0	0.50	 2.0	5.000e+01	7.837e-03	1.332e-07	1.286e+00	1.270295e+01	0.1389	1.743594e+02	3.400e+01
575	0.5827	-1.14e-03	 3.0	 3.0	0.50	 2.0	5.000e+01	9.326e-03	1.333e-07	1.285e+00	1.270475e+01	0.1389	1.688438e+02	3.325e+01
576	0.5826	-1.11e-03	 3.0	 3.0	0.50	 2.0	5.000e+01	9.528e-03	1.333e-07	1.284e+00	1.270760e+01	0.1389	1.723281e+02	3.360e+01
577	0.5825	-1.08e-03	 3.0	 3.0	0.50	 2.0	5.000e+01	1.206e-02	1.334e-07	1.283e+00	1.271031e+01	0.1389	1.634219e+02	3.266e+01
578	0.5823	-1.06e-03	 3.0	 3.0	0.50	 2.0	5.000e+01	1.176e-02	1.334e-07	1.282e+00	1.271468e+01	0.1389	1.911719e+02	3.714e+01
579	0.5821	-1.05e-03	 3.0	 3.0	0.50	 2.0	5.000e+01	1.574e-02	1.336e-07	1.279e+00	1.271828e+01	0.1389	1.700469e+02	3.349e+01
580	0.5820	-1.04e-03	 3.0	 3.0	0.50	 2.0	5.000e+01	1.568e-02	1.335e-07	1.281e+00	1.272446e+01	0.1389	1.744062e+02	3.431e+01
581	0.5818	-1.03e-03	 3.0	 3.0	0.50	 2.0	5.000e+01	1.995e-02	1.339e-07	1.274e+00	1.272892e+01	0.1389	1.731719e+02	3.417e+01
582	0.5816	-1.03e-03	 3.0	 3.0	0.50	 2.0	5.000e+01	2.149e-02	1.336e-07	1.281e+00	1.273804e+01	0.1389	1.736250e+02	3.408e+01
583	0.5813	-1.03e-03	 3.0	 3.0	0.50	 2.0	5.000e+01	2.471e-02	1.343e-07	1.267e+00	1.274316e+01	0.1389	1.717969e+02	3.365e+01
584	0.5811	-1.04e-03	 3.0	 3.0	0.50	 2.0	5.000e+01	2.193e-02	1.338e-07	1.285e+00	1.275636e+01	0.1389	1.776875e+02	3.473e+01
585	0.5809	-1.04e-03	 3.0	 3.0	0.50	 2.0	5.000e+01	2.861e-02	1.346e-07	1.256e+00	1.276260e+01	0.1389	1.965938e+02	3.826e+01
586	0.5807	-1.05e-03	 3.0	 3.0	0.50	 2.0	5.000e+01	2.195e-02	1.340e-07	1.283e+00	1.277804e+01	0.1389	1.775312e+02	3.469e+01
587	0.5804	-1.06e-03	 3.0	 3.0	0.50	 2.0	5.000e+01	3.025e-02	1.343e-07	1.237e+00	1.278576e+01	0.1389	1.634062e+02	3.247e+01
588	0.5802	-1.06e-03	 3.0	 3.0	0.50	 2.0	5.000e+01	1.835e-02	1.334e-07	1.259e+00	1.279678e+01	0.1389	1.583281e+02	3.157e+01
589	0.5800	-1.05e-03	 3.0	 3.0	0.50	 2.0	5.000e+01	2.888e-02	1.337e-07	1.244e+00	1.279674e+01	0.1389	1.822969e+02	3.554e+01
590	0.5799	-1.04e-03	 3.0	 3.0	0.50	 2.0	5.000e+01	2.390e-02	1.335e-07	1.252e+00	1.280028e+01	0.1389	1.786719e+02	3.458e+01
591	0.5797	-1.03e-03	 3.0	 3.0	0.50	 2.0	5.000e+01	2.517e-02	1.337e-07	1.248e+00	1.280173e+01	0.1389	1.737812e+02	3.385e+01
592	0.5795	-1.02e-03	 3.0	 3.0	0.50	 2.0	5.000e+01	2.238e-02	1.336e-07	1.251e+00	1.280473e+01	0.1389	1.658750e+02	3.238e+01
593	0.5793	-1.00e-03	 3.0	 3.0	0.50	 2.0	5.000e+01	1.900e-02	1.338e-07	1.246e+00	1.280754e+01	0.1389	1.690625e+02	3.326e+01
594	0.5792	-9.84e-04	 3.0	 3.0	0.50	 2.0	5.000e+01	1.296e-02	1.336e-07	1.253e+00	1.281217e+01	0.1389	2.043281e+02	3.898e+01
595	0.5791	-9.61e-04	 3.0	 3.0	0.50	 2.0	5.000e+01	1.243e-02	1.336e-07	1.252e+00	1.281432e+01	0.1389	1.647188e+02	3.242e+01
596	0.5790	-9.39e-04	 3.0	 3.0	0.50	 2.0	5.000e+01	1.102e-02	1.334e-07	1.254e+00	1.281694e+01	0.1389	1.815938e+02	3.536e+01
597	0.5789	-9.16e-04	 3.0	 3.0	0.50	 2.0	5.000e+01	9.966e-03	1.334e-07	1.250e+00	1.281686e+01	0.1389	1.747969e+02	3.424e+01
598	0.5788	-8.92e-04	 3.0	 3.0	0.50	 2.0	5.000e+01	8.508e-03	1.331e-07	1.253e+00	1.281650e+01	0.1389	1.671719e+02	3.288e+01
599	0.5787	-8.70e-04	 3.0	 3.0	0.50	 2.0	5.000e+01	6.489e-03	1.333e-07	1.253e+00	1.281233e+01	0.1389	1.752656e+02	3.411e+01
600	0.5786	-8.48e-04	 3.0	 3.0	0.50	 2.0	5.000e+01	9.656e-03	1.327e-07	1.259e+00	1.281094e+01	0.1389	1.570781e+02	3.113e+01
601	0.5785	-8.30e-04	 3.0	 3.0	0.50	 2.0	5.000e+01	7.436e-03	1.334e-07	1.258e+00	1.280228e+01	0.1389	1.862969e+02	3.606e+01
602	0.5784	-8.14e-04	 3.0	 3.0	0.50	 2.0	5.000e+01	1.293e-02	1.325e-07	1.268e+00	1.280281e+01	0.1389	1.584688e+02	3.183e+01
603	0.5783	-7.99e-04	 3.0	 3.0	0.50	 2.0	5.000e+01	9.390e-03	1.335e-07	1.261e+00	1.279190e+01	0.1389	1.861094e+02	3.584e+01
604	0.5782	-7.85e-04	 3.0	 3.0	0.50	 2.0	5.000e+01	1.391e-02	1.324e-07	1.274e+00	1.279385e+01	0.1389	1.905156e+02	3.672e+01
605	0.5781	-7.71e-04	 3.0	 3.0	0.50	 2.0	5.000e+01	1.099e-02	1.337e-07	1.260e+00	1.278273e+01	0.1389	1.687031e+02	3.296e+01
606	0.5780	-7.61e-04	 3.0	 3.0	0.50	 2.0	5.000e+01	1.457e-02	1.326e-07	1.276e+00	1.278766e+01	0.1389	1.575156e+02	3.105e+01
607	0.5779	-7.52e-04	 3.0	 3.0	0.50	 2.0	5.000e+01	1.121e-02	1.340e-07	1.255e+00	1.277905e+01	0.1389	1.830781e+02	3.535e+01
608	0.5778	-7.47e-04	 3.0	 3.0	0.50	 2.0	5.000e+01	1.467e-02	1.328e-07	1.278e+00	1.278721e+01	0.1389	1.825000e+02	3.530e+01
609	0.5777	-7.43e-04	 3.0	 3.0	0.50	 2.0	5.000e+01	1.497e-02	1.341e-07	1.257e+00	1.278156e+01	0.1389	1.822812e+02	3.527e+01
610	0.5776	-7.40e-04	 3.0	 3.0	0.50	 2.0	5.000e+01	1.161e-02	1.334e-07	1.273e+00	1.279076e+01	0.1389	1.735156e+02	3.387e+01
611	0.5774	-7.35e-04	 3.0	 3.0	0.50	 2.0	5.000e+01	1.514e-02	1.340e-07	1.263e+00	1.279154e+01	0.1389	1.860938e+02	3.611e+01
612	0.5773	-7.34e-04	 3.0	 3.0	0.50	 2.0	5.000e+01	1.695e-02	1.339e-07	1.266e+00	1.279927e+01	0.1389	1.797969e+02	3.506e+01
613	0.5771	-7.36e-04	 3.0	 3.0	0.50	 2.0	5.000e+01	1.670e-02	1.341e-07	1.268e+00	1.280531e+01	0.1389	1.810938e+02	3.537e+01
614	0.5770	-7.35e-04	 3.0	 3.0	0.50	 2.0	5.000e+01	1.614e-02	1.342e-07	1.275e+00	1.281345e+01	0.1389	1.674688e+02	3.270e+01
615	0.5768	-7.29e-04	 3.0	 3.0	0.50	 2.0	5.000e+01	1.574e-02	1.343e-07	1.273e+00	1.282249e+01	0.1389	1.588594e+02	3.149e+01
616	0.5767	-7.22e-04	 3.0	 3.0	0.50	 2.0	5.000e+01	1.359e-02	1.342e-07	1.274e+00	1.283226e+01	0.1389	1.595000e+02	3.143e+01
617	0.5766	-7.15e-04	 3.0	 3.0	0.50	 2.0	5.000e+01	1.356e-02	1.342e-07	1.273e+00	1.284069e+01	0.1389	1.826094e+02	3.528e+01
618	0.5765	-7.07e-04	 3.0	 3.0	0.50	 2.0	5.000e+01	1.234e-02	1.340e-07	1.272e+00	1.284912e+01	0.1389	1.579062e+02	3.102e+01
619	0.5763	-6.97e-04	 3.0	 3.0	0.50	 2.0	5.000e+01	1.221e-02	1.340e-07	1.268e+00	1.285534e+01	0.1389	1.535781e+02	3.011e+01
620	0.5762	-6.87e-04	 3.0	 3.0	0.50	 2.0	5.000e+01	1.273e-02	1.337e-07	1.268e+00	1.286041e+01	0.1389	1.646719e+02	3.240e+01
621	0.5761	-6.75e-04	 3.0	 3.0	0.50	 2.0	5.000e+01	1.418e-02	1.336e-07	1.263e+00	1.286222e+01	0.1389	1.675625e+02	3.274e+01
622	0.5760	-6.63e-04	 3.0	 3.0	0.50	 2.0	5.000e+01	1.347e-02	1.333e-07	1.266e+00	1.286237e+01	0.1389	1.722500e+02	3.377e+01
623	0.5759	-6.52e-04	 3.0	 3.0	0.50	 2.0	5.000e+01	1.534e-02	1.335e-07	1.263e+00	1.285905e+01	0.1389	1.644375e+02	3.233e+01
624	0.5758	-6.42e-04	 3.0	 3.0	0.50	 2.0	5.000e+01	1.475e-02	1.333e-07	1.266e+00	1.285833e+01	0.1389	1.701250e+02	3.331e+01
625	0.5757	-6.35e-04	 3.0	 3.0	0.50	 2.0	5.000e+01	1.661e-02	1.336e-07	1.264e+00	1.285560e+01	0.1389	1.716094e+02	3.359e+01
626	0.5756	-6.30e-04	 3.0	 3.0	0.50	 2.0	5.000e+01	1.598e-02	1.333e-07	1.266e+00	1.285561e+01	0.1389	1.642969e+02	3.230e+01
627	0.5755	-6.26e-04	 3.0	 3.0	0.50	 2.0	5.000e+01	1.805e-02	1.337e-07	1.263e+00	1.285258e+01	0.1389	1.680156e+02	3.328e+01
628	0.5754	-6.24e-04	 3.0	 3.0	0.50	 2.0	5.000e+01	1.718e-02	1.332e-07	1.264e+00	1.285397e+01	0.1389	1.587344e+02	3.088e+01
629	0.5752	-6.23e-04	 3.0	 3.0	0.50	 2.0	5.000e+01	1.951e-02	1.337e-07	1.255e+00	1.284989e+01	0.1389	1.690000e+02	3.312e+01
630	0.5751	-6.18e-04	 3.0	 3.0	0.50	 2.0	5.000e+01	1.775e-02	1.332e-07	1.262e+00	1.285177e+01	0.1389	1.555312e+02	3.037e+01
631	0.5750	-6.09e-04	 3.0	 3.0	0.50	 2.0	5.000e+01	1.662e-02	1.341e-07	1.260e+00	1.284757e+01	0.1389	1.654688e+02	3.215e+01
632	0.5750	-5.93e-04	 3.0	 3.0	0.50	 2.0	5.000e+01	8.798e-03	1.331e-07	1.272e+00	1.285502e+01	0.1389	1.700000e+02	3.348e+01
633	0.5749	-5.75e-04	 3.0	 3.0	0.50	 2.0	5.000e+01	7.659e-03	1.340e-07	1.260e+00	1.285010e+01	0.1389	1.544062e+02	3.048e+01
634	0.5749	-5.56e-04	 3.0	 3.0	0.50	 2.0	5.000e+01	4.332e-03	1.333e-07	1.271e+00	1.285592e+01	0.1389	1.820938e+02	3.547e+01
635	0.5749	-5.37e-04	 3.0	 3.0	0.50	 2.0	5.000e+01	4.663e-03	1.337e-07	1.265e+00	1.285347e+01	0.1390	1.766250e+02	3.416e+01
636	0.5748	-5.18e-04	 3.0	 3.0	0.50	 2.0	5.000e+01	4.320e-03	1.335e-07	1.268e+00	1.285559e+01	0.1390	1.852344e+02	3.608e+01
637	0.5748	-5.00e-04	 3.0	 3.0	0.50	 2.0	5.000e+01	3.914e-03	1.336e-07	1.267e+00	1.285567e+01	0.1390	1.711875e+02	3.371e+01
638	0.5747	-4.83e-04	 3.0	 3.0	0.50	 2.0	5.000e+01	4.023e-03	1.336e-07	1.267e+00	1.285663e+01	0.1390	1.529844e+02	2.995e+01
639	0.5747	-4.66e-04	 3.0	 3.0	0.50	 2.0	5.000e+01	3.869e-03	1.336e-07	1.267e+00	1.285722e+01	0.1390	1.558438e+02	3.049e+01
640	0.5747	-4.51e-04	 3.0	 3.0	0.50	 2.0	5.000e+01	4.005e-03	1.336e-07	1.267e+00	1.285834e+01	0.1390	1.805469e+02	3.487e+01
641	0.5746	-4.37e-04	 3.0	 3.0	0.50	 2.0	5.000e+01	3.980e-03	1.336e-07	1.266e+00	1.285916e+01	0.1390	1.865469e+02	3.621e+01
642	0.5746	-4.24e-04	 3.0	 3.0	0.50	 2.0	5.000e+01	4.197e-03	1.336e-07	1.266e+00	1.286031e+01	0.1390	1.640938e+02	3.191e+01
643	0.5745	-4.11e-04	 3.0	 3.0	0.50	 2.0	5.000e+01	4.330e-03	1.337e-07	1.265e+00	1.286087e+01	0.1390	1.816094e+02	3.504e+01
644	0.5745	-4.00e-04	 3.0	 3.0	0.50	 2.0	5.000e+01	4.795e-03	1.335e-07	1.268e+00	1.286257e+01	0.1390	1.777969e+02	3.492e+01
645	0.5744	-3.90e-04	 3.0	 3.0	0.50	 2.0	5.000e+01	4.929e-03	1.340e-07	1.262e+00	1.286191e+01	0.1390	1.672188e+02	3.298e+01
646	0.5744	-3.81e-04	 3.0	 3.0	0.50	 2.0	5.000e+01	5.996e-03	1.331e-07	1.274e+00	1.286719e+01	0.1390	1.674062e+02	3.278e+01
647	0.5744	-3.76e-04	 3.0	 3.0	0.50	 2.0	5.000e+01	7.844e-03	1.351e-07	1.250e+00	1.286095e+01	0.1390	1.566562e+02	3.104e+01
648	0.5744	-3.84e-04	 3.0	 3.0	0.50	 2.0	5.000e+01	9.218e-03	1.323e-07	1.293e+00	1.287899e+01	0.1390	1.616875e+02	3.169e+01
649	0.5744	-4.23e-04	 3.0	 3.0	0.50	 2.0	5.000e+01	1.598e-02	1.356e-07	1.228e+00	1.286232e+01	0.1390	1.649062e+02	3.212e+01
650	0.5744	-4.78e-04	 3.0	 3.0	0.50	 2.0	5.000e+01	1.548e-02	1.331e-07	1.295e+00	1.288486e+01	0.1390	1.794375e+02	3.487e+01
651	0.5744	-4.90e-04	 3.0	 3.0	0.50	 2.0	5.000e+01	1.015e-02	1.338e-07	1.254e+00	1.287830e+01	0.1390	1.665000e+02	3.224e+01
652	0.5743	-4.74e-04	 3.0	 3.0	0.50	 2.0	5.000e+01	3.462e-03	1.336e-07	1.264e+00	1.288075e+01	0.1390	1.740156e+02	3.378e+01
653	0.5743	-4.56e-04	 3.0	 3.0	0.50	 2.0	5.000e+01	3.711e-03	1.337e-07	1.261e+00	1.288122e+01	0.1390	1.726094e+02	3.340e+01
654	0.5743	-4.40e-04	 3.0	 3.0	0.50	 2.0	5.000e+01	3.314e-03	1.337e-07	1.261e+00	1.288183e+01	0.1390	1.672812e+02	3.335e+01
655	0.5742	-4.24e-04	 3.0	 3.0	0.50	 2.0	5.000e+01	3.447e-03	1.336e-07	1.262e+00	1.288237e+01	0.1390	1.838906e+02	3.583e+01
656	0.5742	-4.09e-04	 3.0	 3.0	0.50	 2.0	5.000e+01	3.649e-03	1.336e-07	1.264e+00	1.288285e+01	0.1390	1.762812e+02	3.406e+01
657	0.5742	-3.95e-04	 3.0	 3.0	0.50	 2.0	5.000e+01	3.669e-03	1.336e-07	1.265e+00	1.288328e+01	0.1390	1.770156e+02	3.463e+01
658	0.5741	-3.82e-04	 3.0	 3.0	0.50	 2.0	5.000e+01	3.958e-03	1.336e-07	1.267e+00	1.288360e+01	0.1390	1.522656e+02	3.019e+01
659	0.5741	-3.69e-04	 3.0	 3.0	0.50	 2.0	5.000e+01	4.420e-03	1.336e-07	1.268e+00	1.288389e+01	0.1390	1.786094e+02	3.509e+01
660	0.5741	-3.58e-04	 3.0	 3.0	0.50	 2.0	5.000e+01	4.944e-03	1.336e-07	1.269e+00	1.288419e+01	0.1390	1.562656e+02	3.121e+01
661	0.5740	-3.48e-04	 3.0	 3.0	0.50	 2.0	5.000e+01	5.346e-03	1.336e-07	1.269e+00	1.288450e+01	0.1390	1.393281e+02	2.804e+01
662	0.5740	-3.38e-04	 3.0	 3.0	0.50	 2.0	5.000e+01	5.303e-03	1.337e-07	1.269e+00	1.288465e+01	0.1390	1.612188e+02	3.181e+01
663	0.5740	-3.30e-04	 3.0	 3.0	0.50	 2.0	5.000e+01	5.148e-03	1.336e-07	1.270e+00	1.288540e+01	0.1390	1.639844e+02	3.231e+01
664	0.5739	-3.22e-04	 3.0	 3.0	0.50	 2.0	5.000e+01	5.362e-03	1.339e-07	1.267e+00	1.288492e+01	0.1390	1.583906e+02	3.150e+01
665	0.5739	-3.15e-04	 3.0	 3.0	0.50	 2.0	5.000e+01	5.299e-03	1.330e-07	1.276e+00	1.288819e+01	0.1390	1.522969e+02	3.035e+01
666	0.5738	-3.11e-04	 3.0	 3.0	0.50	 2.0	5.000e+01	6.810e-03	1.355e-07	1.249e+00	1.288050e+01	0.1390	1.743125e+02	3.392e+01
667	0.5739	-3.23e-04	 3.0	 3.0	0.50	 2.0	5.000e+01	1.301e-02	1.306e-07	1.323e+00	1.290334e+01	0.1390	1.956406e+02	3.789e+01
668	0.5742	-4.20e-04	 3.0	 3.0	0.50	 2.0	5.000e+01	2.176e-02	1.395e-07	1.179e+00	1.286578e+01	0.1390	1.582188e+02	3.128e+01
669	0.5747	-6.74e-04	 3.0	 3.0	0.50	 2.0	5.000e+01	3.101e-02	1.312e-07	1.392e+00	1.292991e+01	0.1389	1.709531e+02	3.336e+01
670	0.5746	-9.12e-04	 3.0	 3.0	0.50	 2.0	5.000e+01	2.203e-02	1.351e-07	1.214e+00	1.289305e+01	0.1389	1.710000e+02	3.327e+01
671	0.5745	-9.26e-04	 3.0	 3.0	0.50	 2.0	5.000e+01	9.240e-03	1.335e-07	1.273e+00	1.290858e+01	0.1389	1.658125e+02	3.226e+01
672	0.5744	-8.91e-04	 3.0	 3.0	0.50	 2.0	5.000e+01	3.367e-03	1.336e-07	1.269e+00	1.290647e+01	0.1389	1.729844e+02	3.357e+01
673	0.5744	-8.57e-04	 3.0	 3.0	0.50	 2.0	5.000e+01	3.751e-03	1.336e-07	1.270e+00	1.290557e+01	0.1389	1.696406e+02	3.323e+01
674	0.5743	-8.25e-04	 3.0	 3.0	0.50	 2.0	5.000e+01	4.041e-03	1.336e-07	1.272e+00	1.290465e+01	0.1389	1.758906e+02	3.428e+01
675	0.5742	-7.94e-04	 3.0	 3.0	0.50	 2.0	5.000e+01	3.814e-03	1.336e-07	1.272e+00	1.290382e+01	0.1389	1.509375e+02	2.965e+01
676	0.5742	-7.66e-04	 3.0	 3.0	0.50	 2.0	5.000e+01	3.709e-03	1.336e-07	1.272e+00	1.290300e+01	0.1389	1.619062e+02	3.173e+01
677	0.5741	-7.39e-04	 3.0	 3.0	0.50	 2.0	5.000e+01	3.897e-03	1.336e-07	1.272e+00	1.290218e+01	0.1389	1.615469e+02	3.179e+01
678	0.5740	-7.14e-04	 3.0	 3.0	0.50	 2.0	5.000e+01	4.869e-03	1.336e-07	1.271e+00	1.290145e+01	0.1389	1.477344e+02	2.945e+01
679	0.5740	-6.92e-04	 3.0	 3.0	0.50	 2.0	5.000e+01	6.063e-03	1.337e-07	1.270e+00	1.290078e+01	0.1389	1.730469e+02	3.364e+01
680	0.5739	-6.72e-04	 3.0	 3.0	0.50	 2.0	5.000e+01	7.443e-03	1.337e-07	1.269e+00	1.290034e+01	0.1389	1.816094e+02	3.501e+01
681	0.5738	-6.53e-04	 3.0	 3.0	0.50	 2.0	5.000e+01	8.949e-03	1.337e-07	1.266e+00	1.290013e+01	0.1389	1.573281e+02	3.128e+01
682	0.5738	-6.36e-04	 3.0	 3.0	0.50	 2.0	5.000e+01	9.060e-03	1.337e-07	1.266e+00	1.290060e+01	0.1389	1.729219e+02	3.386e+01
683	0.5737	-6.21e-04	 3.0	 3.0	0.50	 2.0	5.000e+01	9.554e-03	1.339e-07	1.264e+00	1.290030e+01	0.1389	1.539062e+02	3.105e+01
684	0.5736	-6.08e-04	 3.0	 3.0	0.50	 2.0	5.000e+01	1.072e-02	1.332e-07	1.272e+00	1.290283e+01	0.1389	1.781875e+02	3.484e+01
685	0.5735	-5.99e-04	 3.0	 3.0	0.50	 2.0	5.000e+01	1.122e-02	1.354e-07	1.247e+00	1.289723e+01	0.1389	1.697812e+02	3.348e+01
686	0.5735	-6.04e-04	 3.0	 3.0	0.50	 2.0	5.000e+01	1.407e-02	1.305e-07	1.318e+00	1.291745e+01	0.1389	1.687031e+02	3.324e+01
687	0.5737	-6.66e-04	 3.0	 3.0	0.50	 2.0	5.000e+01	1.970e-02	1.400e-07	1.171e+00	1.287724e+01	0.1389	1.566562e+02	3.132e+01
688	0.5740	-8.51e-04	 3.0	 3.0	0.50	 2.0	5.000e+01	3.409e-02	1.301e-07	1.405e+00	1.294775e+01	0.1389	1.716875e+02	3.369e+01
689	0.5739	-1.04e-03	 3.0	 3.0	0.50	 2.0	5.000e+01	2.308e-02	1.356e-07	1.195e+00	1.289734e+01	0.1389	1.835625e+02	3.583e+01
690	0.5737	-1.06e-03	 3.0	 3.0	0.50	 2.0	5.000e+01	1.861e-02	1.335e-07	1.295e+00	1.291785e+01	0.1389	1.704375e+02	3.327e+01
691	0.5736	-1.02e-03	 3.0	 3.0	0.50	 2.0	5.000e+01	1.320e-02	1.338e-07	1.274e+00	1.291550e+01	0.1389	1.649062e+02	3.193e+01
692	0.5735	-9.86e-04	 3.0	 3.0	0.50	 2.0	5.000e+01	9.326e-03	1.338e-07	1.268e+00	1.291611e+01	0.1389	1.663281e+02	3.230e+01
693	0.5735	-9.50e-04	 3.0	 3.0	0.50	 2.0	5.000e+01	7.718e-03	1.337e-07	1.265e+00	1.291637e+01	0.1389	1.726875e+02	3.367e+01
694	0.5734	-9.15e-04	 3.0	 3.0	0.50	 2.0	5.000e+01	6.050e-03	1.337e-07	1.265e+00	1.291635e+01	0.1389	1.602656e+02	3.148e+01
695	0.5733	-8.81e-04	 3.0	 3.0	0.50	 2.0	5.000e+01	5.528e-03	1.336e-07	1.267e+00	1.291588e+01	0.1389	1.668125e+02	3.268e+01
696	0.5733	-8.49e-04	 3.0	 3.0	0.50	 2.0	5.000e+01	5.363e-03	1.336e-07	1.269e+00	1.291488e+01	0.1389	1.827031e+02	3.562e+01
697	0.5732	-8.18e-04	 3.0	 3.0	0.50	 2.0	5.000e+01	5.105e-03	1.336e-07	1.270e+00	1.291342e+01	0.1389	1.791719e+02	3.517e+01
698	0.5732	-7.88e-04	 3.0	 3.0	0.50	 2.0	5.000e+01	4.800e-03	1.335e-07	1.271e+00	1.291134e+01	0.1389	1.714844e+02	3.374e+01
699	0.5731	-7.59e-04	 3.0	 3.0	0.50	 2.0	5.000e+01	4.364e-03	1.333e-07	1.273e+00	1.290833e+01	0.1389	1.560156e+02	3.082e+01
700	0.5730	-7.32e-04	 3.0	 3.0	0.50	 2.0	5.000e+01	4.013e-03	1.333e-07	1.273e+00	1.290369e+01	0.1389	1.646094e+02	3.285e+01
701	0.5730	-7.06e-04	 3.0	 3.0	0.50	 2.0	5.000e+01	4.453e-03	1.333e-07	1.275e+00	1.289929e+01	0.1389	1.477656e+02	2.941e+01
702	0.5729	-6.81e-04	 3.0	 3.0	0.50	 2.0	5.000e+01	4.994e-03	1.333e-07	1.274e+00	1.289446e+01	0.1389	1.452344e+02	2.915e+01
703	0.5729	-6.58e-04	 3.0	 3.0	0.50	 2.0	5.000e+01	5.445e-03	1.332e-07	1.276e+00	1.289014e+01	0.1389	1.684531e+02	3.303e+01
704	0.5728	-6.37e-04	 3.0	 3.0	0.50	 2.0	5.000e+01	6.619e-03	1.334e-07	1.273e+00	1.288516e+01	0.1389	1.603750e+02	3.198e+01
705	0.5728	-6.17e-04	 3.0	 3.0	0.50	 2.0	5.000e+01	6.599e-03	1.331e-07	1.278e+00	1.288183e+01	0.1389	1.682344e+02	3.283e+01
706	0.5727	-6.00e-04	 3.0	 3.0	0.50	 2.0	5.000e+01	8.398e-03	1.337e-07	1.265e+00	1.287481e+01	0.1389	1.817344e+02	3.553e+01
707	0.5726	-5.86e-04	 3.0	 3.0	0.50	 2.0	5.000e+01	9.746e-03	1.322e-07	1.291e+00	1.287605e+01	0.1389	1.722188e+02	3.380e+01
708	0.5726	-5.77e-04	 3.0	 3.0	0.50	 2.0	5.000e+01	1.532e-02	1.355e-07	1.230e+00	1.285862e+01	0.1389	1.855625e+02	3.595e+01
709	0.5726	-5.94e-04	 3.0	 3.0	0.50	 2.0	5.000e+01	2.138e-02	1.305e-07	1.354e+00	1.288181e+01	0.1389	1.828906e+02	3.541e+01
710	0.5727	-6.49e-04	 3.0	 3.0	0.50	 2.0	5.000e+01	2.615e-02	1.366e-07	1.185e+00	1.284348e+01	0.1389	1.673594e+02	3.297e+01
711	0.5727	-7.14e-04	 3.0	 3.0	0.50	 2.0	5.000e+01	2.561e-02	1.321e-07	1.336e+00	1.287848e+01	0.1389	1.766250e+02	3.441e+01
712	0.5726	-7.15e-04	 3.0	 3.0	0.50	 2.0	5.000e+01	1.185e-02	1.336e-07	1.257e+00	1.285906e+01	0.1389	1.725312e+02	3.352e+01
713	0.5725	-6.90e-04	 3.0	 3.0	0.50	 2.0	5.000e+01	4.273e-03	1.333e-07	1.269e+00	1.285982e+01	0.1389	1.818906e+02	3.505e+01
714	0.5725	-6.65e-04	 3.0	 3.0	0.50	 2.0	5.000e+01	3.337e-03	1.334e-07	1.266e+00	1.285751e+01	0.1389	1.810469e+02	3.514e+01
715	0.5724	-6.42e-04	 3.0	 3.0	0.50	 2.0	5.000e+01	3.663e-03	1.334e-07	1.266e+00	1.285553e+01	0.1389	1.689531e+02	3.297e+01
716	0.5724	-6.20e-04	 3.0	 3.0	0.50	 2.0	5.000e+01	4.185e-03	1.334e-07	1.266e+00	1.285359e+01	0.1389	1.899844e+02	3.663e+01
717	0.5723	-6.00e-04	 3.0	 3.0	0.50	 2.0	5.000e+01	4.846e-03	1.333e-07	1.267e+00	1.285156e+01	0.1389	1.781562e+02	3.453e+01
718	0.5722	-5.82e-04	 3.0	 3.0	0.50	 2.0	5.000e+01	5.771e-03	1.333e-07	1.267e+00	1.284932e+01	0.1389	1.534531e+02	3.029e+01
719	0.5722	-5.67e-04	 3.0	 3.0	0.50	 2.0	5.000e+01	6.999e-03	1.333e-07	1.268e+00	1.284681e+01	0.1389	1.818438e+02	3.514e+01
720	0.5721	-5.54e-04	 3.0	 3.0	0.50	 2.0	5.000e+01	8.557e-03	1.333e-07	1.275e+00	1.284395e+01	0.1389	1.664688e+02	3.282e+01
721	0.5720	-5.39e-04	 3.0	 3.0	0.50	 2.0	5.000e+01	9.295e-03	1.337e-07	1.269e+00	1.284115e+01	0.1390	1.386875e+02	2.797e+01
722	0.5720	-5.25e-04	 3.0	 3.0	0.50	 2.0	5.000e+01	6.820e-03	1.333e-07	1.279e+00	1.284377e+01	0.1390	1.765312e+02	3.459e+01
723	0.5719	-5.13e-04	 3.0	 3.0	0.50	 2.0	5.000e+01	9.452e-03	1.338e-07	1.269e+00	1.284092e+01	0.1390	1.568438e+02	3.119e+01
724	0.5719	-5.03e-04	 3.0	 3.0	0.50	 2.0	5.000e+01	1.057e-02	1.330e-07	1.284e+00	1.284421e+01	0.1390	1.714531e+02	3.332e+01
725	0.5718	-4.94e-04	 3.0	 3.0	0.50	 2.0	5.000e+01	1.371e-02	1.341e-07	1.259e+00	1.283768e+01	0.1390	1.959844e+02	3.779e+01
726	0.5717	-4.90e-04	 3.0	 3.0	0.50	 2.0	5.000e+01	1.702e-02	1.326e-07	1.287e+00	1.284473e+01	0.1390	1.712344e+02	3.356e+01
727	0.5717	-4.88e-04	 3.0	 3.0	0.50	 2.0	5.000e+01	1.825e-02	1.343e-07	1.248e+00	1.283381e+01	0.1390	1.810000e+02	3.539e+01
728	0.5716	-4.91e-04	 3.0	 3.0	0.50	 2.0	5.000e+01	2.627e-02	1.327e-07	1.284e+00	1.284290e+01	0.1390	1.783281e+02	3.480e+01
729	0.5715	-4.92e-04	 3.0	 3.0	0.50	 2.0	5.000e+01	2.211e-02	1.340e-07	1.251e+00	1.283258e+01	0.1390	1.842812e+02	3.582e+01
730	0.5714	-4.95e-04	 3.0	 3.0	0.50	 2.0	5.000e+01	3.511e-02	1.330e-07	1.279e+00	1.283805e+01	0.1390	1.761094e+02	3.403e+01
731	0.5713	-4.95e-04	 3.0	 3.0	0.50	 2.0	5.000e+01	2.813e-02	1.337e-07	1.265e+00	1.283159e+01	0.1390	1.461406e+02	2.925e+01
732	0.5712	-4.99e-04	 3.0	 3.0	0.50	 2.0	5.000e+01	4.472e-02	1.331e-07	1.277e+00	1.283274e+01	0.1390	1.803594e+02	3.493e+01
733	0.5710	-5.07e-04	 3.0	 3.0	0.50	 2.0	5.000e+01	4.579e-02	1.332e-07	1.268e+00	1.282656e+01	0.1390	1.720312e+02	3.358e+01
734	0.5709	-5.17e-04	 3.0	 3.0	0.50	 2.0	5.000e+01	5.482e-02	1.328e-07	1.268e+00	1.282151e+01	0.1390	1.736562e+02	3.394e+01
735	0.5706	-5.31e-04	 3.0	 3.0	0.50	 2.0	5.000e+01	5.498e-02	1.327e-07	1.263e+00	1.281170e+01	0.1390	1.740156e+02	3.402e+01
736	0.5704	-5.37e-04	 3.0	 3.0	0.50	 2.0	5.000e+01	4.603e-02	1.325e-07	1.277e+00	1.280203e+01	0.1390	1.508750e+02	3.003e+01
737	0.5704	-5.23e-04	 3.0	 3.0	0.50	 2.0	5.000e+01	1.656e-02	1.333e-07	1.265e+00	1.279203e+01	0.1390	1.539688e+02	3.031e+01
738	0.5703	-5.07e-04	 3.0	 3.0	0.50	 2.0	5.000e+01	7.104e-03	1.329e-07	1.277e+00	1.279206e+01	0.1390	1.852812e+02	3.587e+01
739	0.5703	-4.90e-04	 3.0	 3.0	0.50	 2.0	5.000e+01	7.988e-03	1.333e-07	1.265e+00	1.278691e+01	0.1390	1.805781e+02	3.514e+01
740	0.5703	-4.74e-04	 3.0	 3.0	0.50	 2.0	5.000e+01	4.817e-03	1.331e-07	1.274e+00	1.278760e+01	0.1390	1.787188e+02	3.467e+01
741	0.5702	-4.58e-04	 3.0	 3.0	0.50	 2.0	5.000e+01	5.924e-03	1.333e-07	1.267e+00	1.278495e+01	0.1390	1.659375e+02	3.294e+01
742	0.5702	-4.43e-04	 3.0	 3.0	0.50	 2.0	5.000e+01	6.168e-03	1.332e-07	1.274e+00	1.278549e+01	0.1390	1.781250e+02	3.485e+01
743	0.5701	-4.28e-04	 3.0	 3.0	0.50	 2.0	5.000e+01	6.296e-03	1.333e-07	1.269e+00	1.278430e+01	0.1390	1.682031e+02	3.290e+01
744	0.5701	-4.15e-04	 3.0	 3.0	0.50	 2.0	5.000e+01	7.181e-03	1.332e-07	1.274e+00	1.278464e+01	0.1390	1.638750e+02	3.227e+01
745	0.5701	-4.02e-04	 3.0	 3.0	0.50	 2.0	5.000e+01	6.521e-03	1.333e-07	1.269e+00	1.278418e+01	0.1390	1.678281e+02	3.238e+01
746	0.5700	-3.90e-04	 3.0	 3.0	0.50	 2.0	5.000e+01	7.371e-03	1.333e-07	1.276e+00	1.278480e+01	0.1390	1.655625e+02	3.259e+01
747	0.5700	-3.78e-04	 3.0	 3.0	0.50	 2.0	5.000e+01	5.844e-03	1.334e-07	1.271e+00	1.278465e+01	0.1390	1.813906e+02	3.545e+01
748	0.5700	-3.67e-04	 3.0	 3.0	0.50	 2.0	5.000e+01	5.709e-03	1.333e-07	1.279e+00	1.278561e+01	0.1390	1.725469e+02	3.401e+01
749	0.5699	-3.54e-04	 3.0	 3.0	0.50	 2.0	5.000e+01	4.716e-03	1.334e-07	1.275e+00	1.278597e+01	0.1390	1.709844e+02	3.371e+01
750	0.5699	-3.41e-04	 3.0	 3.0	0.50	 2.0	5.000e+01	2.728e-03	1.333e-07	1.278e+00	1.278715e+01	0.1390	1.740625e+02	3.409e+01
751	0.5699	-3.28e-04	 3.0	 3.0	0.50	 2.0	5.000e+01	2.529e-03	1.334e-07	1.275e+00	1.278793e+01	0.1390	1.659688e+02	3.252e+01
752	0.5699	-3.16e-04	 3.0	 3.0	0.50	 2.0	5.000e+01	2.696e-03	1.334e-07	1.277e+00	1.278944e+01	0.1390	1.685625e+02	3.248e+01
753	0.5698	-3.05e-04	 3.0	 3.0	0.50	 2.0	5.000e+01	2.818e-03	1.334e-07	1.275e+00	1.279073e+01	0.1390	1.692188e+02	3.316e+01
754	0.5698	-2.94e-04	 3.0	 3.0	0.50	 2.0	5.000e+01	2.818e-03	1.334e-07	1.277e+00	1.279264e+01	0.1390	1.717969e+02	3.363e+01
755	0.5698	-2.83e-04	 3.0	 3.0	0.50	 2.0	5.000e+01	2.738e-03	1.335e-07	1.275e+00	1.279415e+01	0.1390	1.714375e+02	3.371e+01
756	0.5698	-2.73e-04	 3.0	 3.0	0.50	 2.0	5.000e+01	2.181e-03	1.334e-07	1.278e+00	1.279632e+01	0.1390	1.789219e+02	3.460e+01
757	0.5698	-2.63e-04	 3.0	 3.0	0.50	 2.0	5.000e+01	1.858e-03	1.335e-07	1.275e+00	1.279740e+01	0.1390	1.675781e+02	3.261e+01
758	0.5697	-2.54e-04	 3.0	 3.0	0.50	 2.0	5.000e+01	2.164e-03	1.334e-07	1.281e+00	1.280022e+01	0.1390	1.545625e+02	3.089e+01
759	0.5697	-2.45e-04	 3.0	 3.0	0.50	 2.0	5.000e+01	2.301e-03	1.337e-07	1.272e+00	1.280059e+01	0.1390	1.520156e+02	3.025e+01
760	0.5697	-2.38e-04	 3.0	 3.0	0.50	 2.0	5.000e+01	3.167e-03	1.334e-07	1.283e+00	1.280523e+01	0.1390	1.844531e+02	3.578e+01
761	0.5697	-2.31e-04	 3.0	 3.0	0.50	 2.0	5.000e+01	3.340e-03	1.338e-07	1.274e+00	1.280547e+01	0.1390	1.849062e+02	3.594e+01
762	0.5697	-2.24e-04	 3.0	 3.0	0.50	 2.0	5.000e+01	4.640e-03	1.335e-07	1.280e+00	1.281048e+01	0.1390	1.876250e+02	3.629e+01
763	0.5696	-2.18e-04	 3.0	 3.0	0.50	 2.0	5.000e+01	3.728e-03	1.337e-07	1.275e+00	1.281270e+01	0.1390	1.655625e+02	3.215e+01
764	0.5696	-2.12e-04	 3.0	 3.0	0.50	 2.0	5.000e+01	4.258e-03	1.337e-07	1.278e+00	1.281696e+01	0.1390	1.739844e+02	3.388e+01
765	0.5696	-2.06e-04	 3.0	 3.0	0.50	 2.0	5.000e+01	3.324e-03	1.337e-07	1.276e+00	1.282029e+01	0.1390	1.784531e+02	3.493e+01
766	0.5696	-2.01e-04	 3.0	 3.0	0.50	 2.0	5.000e+01	4.148e-03	1.337e-07	1.277e+00	1.282442e+01	0.1390	1.683906e+02	3.289e+01
767	0.5695	-1.97e-04	 3.0	 3.0	0.50	 2.0	5.000e+01	3.781e-03	1.338e-07	1.276e+00	1.282820e+01	0.1390	1.737656e+02	3.383e+01
768	0.5695	-1.94e-04	 3.0	 3.0	0.50	 2.0	5.000e+01	4.572e-03	1.338e-07	1.277e+00	1.283264e+01	0.1390	1.575156e+02	3.090e+01
769	0.5695	-1.91e-04	 3.0	 3.0	0.50	 2.0	5.000e+01	4.443e-03	1.339e-07	1.274e+00	1.283668e+01	0.1390	1.599375e+02	3.132e+01
770	0.5694	-1.90e-04	 3.0	 3.0	0.50	 2.0	5.000e+01	5.293e-03	1.339e-07	1.276e+00	1.284188e+01	0.1390	1.600781e+02	3.112e+01
771	0.5694	-1.89e-04	 3.0	 3.0	0.50	 2.0	5.000e+01	5.060e-03	1.341e-07	1.271e+00	1.284615e+01	0.1390	1.742656e+02	3.366e+01
772	0.5694	-1.89e-04	 3.0	 3.0	0.50	 2.0	5.000e+01	6.393e-03	1.338e-07	1.276e+00	1.285354e+01	0.1390	1.725781e+02	3.380e+01
773	0.5693	-1.91e-04	 3.0	 3.0	0.50	 2.0	5.000e+01	5.274e-03	1.347e-07	1.266e+00	1.285672e+01	0.1390	1.758906e+02	3.464e+01
774	0.5693	-1.95e-04	 3.0	 3.0	0.50	 2.0	5.000e+01	1.040e-02	1.333e-07	1.280e+00	1.287059e+01	0.1390	1.722500e+02	3.371e+01
775	0.5692	-2.00e-04	 3.0	 3.0	0.50	 2.0	5.000e+01	9.731e-03	1.360e-07	1.253e+00	1.286740e+01	0.1390	1.539375e+02	3.042e+01
776	0.5692	-2.15e-04	 3.0	 3.0	0.50	 2.0	5.000e+01	1.795e-02	1.316e-07	1.302e+00	1.289630e+01	0.1390	1.497500e+02	2.957e+01
777	0.5692	-2.40e-04	 3.0	 3.0	0.50	 2.0	5.000e+01	1.511e-02	1.366e-07	1.236e+00	1.287170e+01	0.1390	1.731094e+02	3.385e+01
778	0.5692	-2.66e-04	 3.0	 3.0	0.50	 2.0	5.000e+01	2.105e-02	1.328e-07	1.300e+00	1.290676e+01	0.1390	1.609531e+02	3.158e+01
779	0.5692	-2.69e-04	 3.0	 3.0	0.50	 2.0	5.000e+01	7.275e-03	1.341e-07	1.274e+00	1.289558e+01	0.1390	1.735781e+02	3.391e+01
780	0.5691	-2.63e-04	 3.0	 3.0	0.50	 2.0	5.000e+01	5.002e-03	1.339e-07	1.280e+00	1.290121e+01	0.1390	1.593125e+02	3.084e+01
781	0.5691	-2.57e-04	 3.0	 3.0	0.50	 2.0	5.000e+01	4.539e-03	1.340e-07	1.278e+00	1.290357e+01	0.1390	1.625781e+02	3.170e+01
782	0.5691	-2.52e-04	 3.0	 3.0	0.50	 2.0	5.000e+01	5.527e-03	1.341e-07	1.276e+00	1.290693e+01	0.1390	1.652969e+02	3.215e+01
783	0.5690	-2.49e-04	 3.0	 3.0	0.50	 2.0	5.000e+01	6.542e-03	1.341e-07	1.274e+00	1.291096e+01	0.1390	1.799062e+02	3.509e+01
784	0.5690	-2.47e-04	 3.0	 3.0	0.50	 2.0	5.000e+01	6.814e-03	1.342e-07	1.272e+00	1.291519e+01	0.1390	1.610625e+02	3.152e+01
785	0.5689	-2.46e-04	 3.0	 3.0	0.50	 2.0	5.000e+01	7.821e-03	1.342e-07	1.271e+00	1.292011e+01	0.1390	1.613750e+02	3.194e+01
786	0.5689	-2.47e-04	 3.0	 3.0	0.50	 2.0	5.000e+01	8.563e-03	1.343e-07	1.268e+00	1.292539e+01	0.1390	1.526094e+02	3.014e+01
787	0.5688	-2.50e-04	 3.0	 3.0	0.50	 2.0	5.000e+01	9.802e-03	1.344e-07	1.269e+00	1.293157e+01	0.1390	1.752188e+02	3.420e+01
788	0.5687	-2.54e-04	 3.0	 3.0	0.50	 2.0	5.000e+01	1.053e-02	1.346e-07	1.266e+00	1.293792e+01	0.1390	1.535938e+02	3.050e+01
789	0.5687	-2.61e-04	 3.0	 3.0	0.50	 2.0	5.000e+01	1.212e-02	1.341e-07	1.270e+00	1.294634e+01	0.1390	1.679531e+02	3.298e+01
790	0.5686	-2.68e-04	 3.0	 3.0	0.50	 2.0	5.000e+01	1.142e-02	1.350e-07	1.260e+00	1.294884e+01	0.1390	1.462812e+02	2.914e+01
791	0.5685	-2.76e-04	 3.0	 3.0	0.50	 2.0	5.000e+01	1.164e-02	1.330e-07	1.267e+00	1.296117e+01	0.1390	1.467344e+02	2.912e+01
792	0.5685	-2.82e-04	 3.0	 3.0	0.50	 2.0	5.000e+01	1.234e-02	1.363e-07	1.240e+00	1.295038e+01	0.1390	1.724531e+02	3.374e+01
793	0.5684	-2.94e-04	 3.0	 3.0	0.50	 2.0	5.000e+01	2.019e-02	1.320e-07	1.274e+00	1.297900e+01	0.1390	1.579844e+02	3.081e+01
794	0.5684	-2.99e-04	 3.0	 3.0	0.50	 2.0	5.000e+01	1.445e-02	1.354e-07	1.241e+00	1.295591e+01	0.1390	1.619062e+02	3.180e+01
795	0.5684	-3.00e-04	 3.0	 3.0	0.50	 2.0	5.000e+01	1.336e-02	1.339e-07	1.260e+00	1.297403e+01	0.1390	1.588750e+02	3.120e+01
796	0.5683	-2.91e-04	 3.0	 3.0	0.50	 2.0	5.000e+01	3.669e-03	1.341e-07	1.255e+00	1.297325e+01	0.1390	1.603125e+02	3.137e+01
797	0.5683	-2.81e-04	 3.0	 3.0	0.50	 2.0	5.000e+01	2.804e-03	1.340e-07	1.257e+00	1.297491e+01	0.1390	1.649375e+02	3.207e+01
798	0.5683	-2.72e-04	 3.0	 3.0	0.50	 2.0	5.000e+01	2.917e-03	1.341e-07	1.256e+00	1.297598e+01	0.1390	1.627812e+02	3.175e+01
799	0.5683	-2.63e-04	 3.0	 3.0	0.50	 2.0	5.000e+01	2.898e-03	1.341e-07	1.256e+00	1.297746e+01	0.1390	1.634688e+02	3.184e+01
800	0.5682	-2.54e-04	 3.0	 3.0	0.50	 2.0	5.000e+01	2.886e-03	1.340e-07	1.256e+00	1.297936e+01	0.1390	1.825938e+02	3.549e+01
