 Iteration	g0	g1	penalK	penalG	eta	beta	pAgg	change	lambda1	lambda2	Compliance	Vol. Frac.	CPU time	Real time
  1	1.0000	+1.87e-14	 3.0	 3.0	0.50	 2.0	5.000e+01	8.125e-01	1.338e-07	1.987e+00	8.798052e+00	0.1412	2.932812e+02	5.446e+01
  2	0.9930	-1.48e-03	 3.0	 3.0	0.50	 2.0	5.000e+01	1.024e-02	1.331e-07	1.976e+00	8.844752e+00	0.1410	2.225938e+02	4.364e+01
  3	0.9866	-2.72e-03	 3.0	 3.0	0.50	 2.0	5.000e+01	9.857e-03	1.340e-07	2.002e+00	8.888288e+00	0.1408	1.836406e+02	3.580e+01
  4	0.9798	-3.95e-03	 3.0	 3.0	0.50	 2.0	5.000e+01	1.116e-02	1.348e-07	2.041e+00	8.937848e+00	0.1406	2.098438e+02	4.034e+01
  5	0.9730	-5.12e-03	 3.0	 3.0	0.50	 2.0	5.000e+01	1.246e-02	1.355e-07	2.088e+00	8.993912e+00	0.1405	1.840781e+02	3.623e+01
  6	0.9664	-6.16e-03	 3.0	 3.0	0.50	 2.0	5.000e+01	1.365e-02	1.360e-07	2.139e+00	9.056352e+00	0.1403	1.944062e+02	3.760e+01
  7	0.9605	-7.02e-03	 3.0	 3.0	0.50	 2.0	5.000e+01	1.482e-02	1.363e-07	2.191e+00	9.124721e+00	0.1402	2.186719e+02	4.251e+01
  8	0.9553	-7.65e-03	 3.0	 3.0	0.50	 2.0	5.000e+01	1.602e-02	1.367e-07	2.234e+00	9.198643e+00	0.1401	1.967188e+02	3.795e+01
  9	0.9509	-8.08e-03	 3.0	 3.0	0.50	 2.0	5.000e+01	1.704e-02	1.374e-07	2.265e+00	9.278602e+00	0.1400	1.729062e+02	3.370e+01
 10	0.9469	-8.35e-03	 3.0	 3.0	0.50	 2.0	5.000e+01	1.789e-02	1.388e-07	2.284e+00	9.366890e+00	0.1400	1.672969e+02	3.304e+01
 11	0.9434	-8.51e-03	 3.0	 3.0	0.50	 2.0	5.000e+01	1.862e-02	1.371e-07	2.310e+00	9.468581e+00	0.1400	1.736406e+02	3.418e+01
 12	0.9406	-8.56e-03	 3.0	 3.0	0.50	 2.0	5.000e+01	1.625e-02	1.197e-07	2.415e+00	9.558555e+00	0.1400	2.437031e+02	4.725e+01
 13	0.9395	-8.66e-03	 3.0	 3.0	0.50	 2.0	5.000e+01	2.744e-02	1.369e-07	2.380e+00	9.455285e+00	0.1400	1.666719e+02	3.264e+01
 14	0.9373	-8.61e-03	 3.0	 3.0	0.50	 2.0	5.000e+01	1.934e-02	1.306e-07	2.406e+00	9.541450e+00	0.1400	1.940625e+02	3.761e+01
 15	0.9361	-8.49e-03	 3.0	 3.0	0.50	 2.0	5.000e+01	1.281e-02	1.266e-07	2.315e+00	9.568324e+00	0.1400	1.992500e+02	3.886e+01
 16	0.9360	-8.52e-03	 3.0	 3.0	0.50	 2.0	5.000e+01	1.802e-02	1.305e-07	2.432e+00	9.547606e+00	0.1400	2.191562e+02	4.218e+01
 17	0.9357	-8.67e-03	 3.0	 3.0	0.50	 2.0	5.000e+01	1.700e-02	1.301e-07	2.251e+00	9.567746e+00	0.1400	2.134531e+02	4.080e+01
 18	0.9346	-8.66e-03	 3.0	 3.0	0.50	 2.0	5.000e+01	1.520e-02	1.230e-07	2.433e+00	9.584662e+00	0.1400	2.780469e+02	5.333e+01
 19	0.9338	-8.51e-03	 3.0	 3.0	0.50	 2.0	5.000e+01	1.386e-02	1.303e-07	2.316e+00	9.518208e+00	0.1400	1.693281e+02	3.292e+01
 20	0.9327	-8.21e-03	 3.0	 3.0	0.50	 2.0	5.000e+01	6.647e-03	1.280e-07	2.314e+00	9.542518e+00	0.1400	2.185000e+02	4.202e+01
 21	0.9317	-7.90e-03	 3.0	 3.0	0.50	 2.0	5.000e+01	2.580e-03	1.272e-07	2.323e+00	9.544765e+00	0.1401	2.080469e+02	4.015e+01
 22	0.9308	-7.59e-03	 3.0	 3.0	0.50	 2.0	5.000e+01	3.356e-03	1.271e-07	2.330e+00	9.538345e+00	0.1401	2.248750e+02	4.302e+01
 23	0.9299	-7.29e-03	 3.0	 3.0	0.50	 2.0	5.000e+01	2.941e-03	1.271e-07	2.335e+00	9.531481e+00	0.1401	2.055938e+02	3.967e+01
 24	0.9291	-7.01e-03	 3.0	 3.0	0.50	 2.0	5.000e+01	3.045e-03	1.271e-07	2.337e+00	9.525220e+00	0.1402	2.060469e+02	4.048e+01
 25	0.9282	-6.73e-03	 3.0	 3.0	0.50	 2.0	5.000e+01	4.088e-03	1.271e-07	2.341e+00	9.518904e+00	0.1402	2.072969e+02	4.014e+01
 26	0.9274	-6.47e-03	 3.0	 3.0	0.50	 2.0	5.000e+01	5.076e-03	1.271e-07	2.361e+00	9.512897e+00	0.1403	1.979688e+02	3.854e+01
 27	0.9267	-6.22e-03	 3.0	 3.0	0.50	 2.0	5.000e+01	2.618e-03	1.271e-07	2.379e+00	9.506931e+00	0.1403	2.135625e+02	4.127e+01
 28	0.9260	-5.97e-03	 3.0	 3.0	0.50	 2.0	5.000e+01	2.555e-03	1.271e-07	2.385e+00	9.501502e+00	0.1403	2.063438e+02	4.028e+01
 29	0.9253	-5.73e-03	 3.0	 3.0	0.50	 2.0	5.000e+01	3.080e-03	1.272e-07	2.388e+00	9.496632e+00	0.1404	2.052969e+02	3.976e+01
 30	0.9247	-5.51e-03	 3.0	 3.0	0.50	 2.0	5.000e+01	3.891e-03	1.272e-07	2.389e+00	9.492924e+00	0.1404	2.044219e+02	3.956e+01
 31	0.9240	-5.29e-03	 3.0	 3.0	0.50	 2.0	5.000e+01	4.596e-03	1.272e-07	2.393e+00	9.489162e+00	0.1404	1.972656e+02	3.820e+01
 32	0.9234	-5.08e-03	 3.0	 3.0	0.50	 2.0	5.000e+01	4.863e-03	1.271e-07	2.401e+00	9.485115e+00	0.1405	1.976719e+02	3.851e+01
 33	0.9228	-4.88e-03	 3.0	 3.0	0.50	 2.0	5.000e+01	2.175e-03	1.276e-07	2.414e+00	9.480609e+00	0.1405	2.050000e+02	4.003e+01
 34	0.9222	-4.69e-03	 3.0	 3.0	0.50	 2.0	5.000e+01	4.547e-03	1.268e-07	2.382e+00	9.481746e+00	0.1405	1.872500e+02	3.652e+01
 35	0.9218	-4.53e-03	 3.0	 3.0	0.50	 2.0	5.000e+01	4.225e-03	1.284e-07	2.475e+00	9.473630e+00	0.1405	1.887031e+02	3.678e+01
 36	0.9221	-4.44e-03	 3.0	 3.0	0.50	 2.0	5.000e+01	1.075e-02	1.286e-07	2.208e+00	9.482900e+00	0.1405	2.008125e+02	3.891e+01
 37	0.9249	-4.72e-03	 3.0	 3.0	0.50	 2.0	5.000e+01	1.718e-02	1.308e-07	2.698e+00	9.487574e+00	0.1405	2.341094e+02	4.498e+01
 38	0.9279	-5.73e-03	 3.0	 3.0	0.50	 2.0	5.000e+01	2.788e-02	1.329e-07	2.009e+00	9.494313e+00	0.1404	1.643594e+02	3.227e+01
 39	0.9281	-6.66e-03	 3.0	 3.0	0.50	 2.0	5.000e+01	2.149e-02	1.283e-07	2.592e+00	9.520886e+00	0.1402	2.259531e+02	4.342e+01
 40	0.9266	-6.72e-03	 3.0	 3.0	0.50	 2.0	5.000e+01	1.140e-02	1.272e-07	2.338e+00	9.520041e+00	0.1402	1.892812e+02	3.656e+01
 41	0.9259	-6.45e-03	 3.0	 3.0	0.50	 2.0	5.000e+01	2.337e-03	1.271e-07	2.364e+00	9.515265e+00	0.1403	1.897031e+02	3.670e+01
 42	0.9252	-6.19e-03	 3.0	 3.0	0.50	 2.0	5.000e+01	1.744e-03	1.271e-07	2.369e+00	9.509400e+00	0.1403	1.952188e+02	3.766e+01
 43	0.9245	-5.94e-03	 3.0	 3.0	0.50	 2.0	5.000e+01	1.725e-03	1.271e-07	2.381e+00	9.503994e+00	0.1403	1.970469e+02	3.823e+01
 44	0.9239	-5.70e-03	 3.0	 3.0	0.50	 2.0	5.000e+01	1.754e-03	1.271e-07	2.385e+00	9.499155e+00	0.1404	1.911562e+02	3.728e+01
 45	0.9233	-5.46e-03	 3.0	 3.0	0.50	 2.0	5.000e+01	1.658e-03	1.271e-07	2.390e+00	9.494451e+00	0.1404	1.974219e+02	3.812e+01
 46	0.9228	-5.24e-03	 3.0	 3.0	0.50	 2.0	5.000e+01	1.696e-03	1.272e-07	2.396e+00	9.489990e+00	0.1404	2.002188e+02	3.856e+01
 47	0.9222	-5.02e-03	 3.0	 3.0	0.50	 2.0	5.000e+01	1.848e-03	1.272e-07	2.402e+00	9.485901e+00	0.1405	2.090312e+02	4.036e+01
 48	0.9217	-4.82e-03	 3.0	 3.0	0.50	 2.0	5.000e+01	2.074e-03	1.272e-07	2.406e+00	9.482232e+00	0.1405	1.929062e+02	3.740e+01
 49	0.9212	-4.62e-03	 3.0	 3.0	0.50	 2.0	5.000e+01	2.380e-03	1.272e-07	2.409e+00	9.479065e+00	0.1405	2.039375e+02	3.938e+01
 50	0.9207	-4.43e-03	 3.0	 3.0	0.50	 2.0	5.000e+01	2.708e-03	1.272e-07	2.412e+00	9.476282e+00	0.1406	1.965625e+02	3.819e+01
 51	0.9202	-4.26e-03	 3.0	 3.0	0.50	 2.0	5.000e+01	3.081e-03	1.273e-07	2.413e+00	9.473854e+00	0.1406	1.915000e+02	3.713e+01
 52	0.9197	-4.09e-03	 3.0	 3.0	0.50	 2.0	5.000e+01	3.463e-03	1.273e-07	2.414e+00	9.471747e+00	0.1406	1.999062e+02	3.871e+01
 53	0.9192	-3.93e-03	 3.0	 3.0	0.50	 2.0	5.000e+01	3.630e-03	1.273e-07	2.415e+00	9.469896e+00	0.1406	1.938594e+02	3.776e+01
 54	0.9187	-3.77e-03	 3.0	 3.0	0.50	 2.0	5.000e+01	4.855e-03	1.273e-07	2.414e+00	9.468406e+00	0.1406	2.127031e+02	4.122e+01
 55	0.9183	-3.63e-03	 3.0	 3.0	0.50	 2.0	5.000e+01	6.194e-03	1.274e-07	2.424e+00	9.466916e+00	0.1407	2.067812e+02	3.997e+01
 56	0.9178	-3.49e-03	 3.0	 3.0	0.50	 2.0	5.000e+01	7.834e-03	1.277e-07	2.404e+00	9.466808e+00	0.1407	1.960469e+02	3.789e+01
 57	0.9174	-3.36e-03	 3.0	 3.0	0.50	 2.0	5.000e+01	8.057e-03	1.263e-07	2.477e+00	9.470343e+00	0.1407	1.877344e+02	3.639e+01
 58	0.9179	-3.30e-03	 3.0	 3.0	0.50	 2.0	5.000e+01	1.516e-02	1.321e-07	2.143e+00	9.457164e+00	0.1407	1.656719e+02	3.253e+01
 59	0.9321	-3.99e-03	 3.0	 3.0	0.50	 2.0	5.000e+01	3.539e-02	1.452e-07	2.904e+00	9.504869e+00	0.1406	3.001719e+02	5.707e+01
 60	0.9563	-9.32e-03	 3.0	 3.0	0.50	 2.0	5.000e+01	6.738e-02	1.517e-07	1.424e+00	9.558138e+00	0.1399	1.797656e+02	3.479e+01
 61	0.9676	-1.70e-02	 3.0	 3.0	0.50	 2.0	5.000e+01	4.961e-02	1.695e-07	3.446e+00	9.649935e+00	0.1388	2.062812e+02	3.963e+01
 62	0.9623	-2.04e-02	 3.0	 3.0	0.50	 2.0	5.000e+01	4.655e-02	1.279e-07	1.929e+00	9.825841e+00	0.1383	1.728125e+02	3.343e+01
 63	0.9592	-2.04e-02	 3.0	 3.0	0.50	 2.0	5.000e+01	1.710e-02	1.280e-07	2.591e+00	9.796079e+00	0.1383	2.125000e+02	4.063e+01
 64	0.9567	-1.97e-02	 3.0	 3.0	0.50	 2.0	5.000e+01	7.756e-03	1.273e-07	2.388e+00	9.787982e+00	0.1384	2.160469e+02	4.124e+01
 65	0.9546	-1.89e-02	 3.0	 3.0	0.50	 2.0	5.000e+01	4.297e-03	1.273e-07	2.361e+00	9.772824e+00	0.1385	2.080781e+02	3.964e+01
 66	0.9526	-1.81e-02	 3.0	 3.0	0.50	 2.0	5.000e+01	4.758e-03	1.273e-07	2.344e+00	9.758351e+00	0.1386	2.282188e+02	4.359e+01
 67	0.9506	-1.74e-02	 3.0	 3.0	0.50	 2.0	5.000e+01	5.072e-03	1.272e-07	2.346e+00	9.743939e+00	0.1387	2.134844e+02	4.078e+01
 68	0.9487	-1.67e-02	 3.0	 3.0	0.50	 2.0	5.000e+01	5.652e-03	1.273e-07	2.356e+00	9.729220e+00	0.1388	1.963750e+02	3.771e+01
 69	0.9468	-1.60e-02	 3.0	 3.0	0.50	 2.0	5.000e+01	6.638e-03	1.272e-07	2.369e+00	9.716106e+00	0.1389	1.909062e+02	3.653e+01
 70	0.9450	-1.54e-02	 3.0	 3.0	0.50	 2.0	5.000e+01	7.977e-03	1.275e-07	2.380e+00	9.703069e+00	0.1390	1.997031e+02	3.854e+01
 71	0.9432	-1.48e-02	 3.0	 3.0	0.50	 2.0	5.000e+01	9.800e-03	1.274e-07	2.391e+00	9.693394e+00	0.1391	1.899219e+02	3.689e+01
 72	0.9413	-1.42e-02	 3.0	 3.0	0.50	 2.0	5.000e+01	1.226e-02	1.279e-07	2.400e+00	9.683671e+00	0.1392	1.928750e+02	3.721e+01
 73	0.9394	-1.37e-02	 3.0	 3.0	0.50	 2.0	5.000e+01	1.569e-02	1.280e-07	2.419e+00	9.679102e+00	0.1392	1.873125e+02	3.667e+01
 74	0.9375	-1.32e-02	 3.0	 3.0	0.50	 2.0	5.000e+01	1.926e-02	1.283e-07	2.421e+00	9.675702e+00	0.1393	1.881406e+02	3.662e+01
 75	0.9355	-1.27e-02	 3.0	 3.0	0.50	 2.0	5.000e+01	2.390e-02	1.287e-07	2.417e+00	9.675750e+00	0.1394	1.935938e+02	3.716e+01
 76	0.9332	-1.23e-02	 3.0	 3.0	0.50	 2.0	5.000e+01	3.077e-02	1.291e-07	2.398e+00	9.679911e+00	0.1394	1.882500e+02	3.623e+01
 77	0.9307	-1.20e-02	 3.0	 3.0	0.50	 2.0	5.000e+01	2.939e-02	1.291e-07	2.417e+00	9.688316e+00	0.1395	2.112188e+02	4.059e+01
 78	0.9285	-1.16e-02	 3.0	 3.0	0.50	 2.0	5.000e+01	2.060e-02	1.290e-07	2.373e+00	9.696233e+00	0.1395	1.818281e+02	3.523e+01
 79	0.9266	-1.12e-02	 3.0	 3.0	0.50	 2.0	5.000e+01	1.486e-02	1.287e-07	2.451e+00	9.702593e+00	0.1396	1.972969e+02	3.791e+01
 80	0.9254	-1.09e-02	 3.0	 3.0	0.50	 2.0	5.000e+01	2.730e-02	1.301e-07	2.246e+00	9.706044e+00	0.1396	1.948125e+02	3.729e+01
 81	0.9268	-1.08e-02	 3.0	 3.0	0.50	 2.0	5.000e+01	2.874e-02	1.292e-07	2.574e+00	9.720538e+00	0.1396	2.075156e+02	3.916e+01
 82	0.9288	-1.14e-02	 3.0	 3.0	0.50	 2.0	5.000e+01	4.860e-02	1.333e-07	2.116e+00	9.713539e+00	0.1396	1.916406e+02	3.653e+01
 83	0.9282	-1.20e-02	 3.0	 3.0	0.50	 2.0	5.000e+01	4.779e-02	1.282e-07	2.530e+00	9.748148e+00	0.1395	1.954375e+02	3.747e+01
 84	0.9265	-1.19e-02	 3.0	 3.0	0.50	 2.0	5.000e+01	3.069e-02	1.283e-07	2.270e+00	9.738881e+00	0.1395	2.011250e+02	3.871e+01
 85	0.9250	-1.15e-02	 3.0	 3.0	0.50	 2.0	5.000e+01	9.297e-03	1.280e-07	2.296e+00	9.736279e+00	0.1396	1.961719e+02	3.722e+01
 86	0.9237	-1.10e-02	 3.0	 3.0	0.50	 2.0	5.000e+01	4.925e-03	1.280e-07	2.292e+00	9.731097e+00	0.1396	1.916250e+02	3.687e+01
 87	0.9224	-1.06e-02	 3.0	 3.0	0.50	 2.0	5.000e+01	5.476e-03	1.281e-07	2.308e+00	9.726673e+00	0.1397	1.866094e+02	3.568e+01
 88	0.9212	-1.02e-02	 3.0	 3.0	0.50	 2.0	5.000e+01	7.038e-03	1.282e-07	2.321e+00	9.722749e+00	0.1397	2.068438e+02	3.918e+01
 89	0.9199	-9.79e-03	 3.0	 3.0	0.50	 2.0	5.000e+01	8.656e-03	1.283e-07	2.334e+00	9.719926e+00	0.1398	1.864844e+02	3.606e+01
 90	0.9187	-9.43e-03	 3.0	 3.0	0.50	 2.0	5.000e+01	1.059e-02	1.284e-07	2.347e+00	9.718568e+00	0.1398	1.995781e+02	3.823e+01
 91	0.9174	-9.09e-03	 3.0	 3.0	0.50	 2.0	5.000e+01	1.300e-02	1.285e-07	2.372e+00	9.719006e+00	0.1399	1.936719e+02	3.732e+01
 92	0.9161	-8.76e-03	 3.0	 3.0	0.50	 2.0	5.000e+01	1.111e-02	1.284e-07	2.395e+00	9.720114e+00	0.1399	1.760625e+02	3.413e+01
 93	0.9149	-8.44e-03	 3.0	 3.0	0.50	 2.0	5.000e+01	1.163e-02	1.285e-07	2.390e+00	9.720301e+00	0.1400	2.000938e+02	3.843e+01
 94	0.9136	-8.14e-03	 3.0	 3.0	0.50	 2.0	5.000e+01	1.259e-02	1.286e-07	2.402e+00	9.721110e+00	0.1400	1.807969e+02	3.520e+01
 95	0.9124	-7.86e-03	 3.0	 3.0	0.50	 2.0	5.000e+01	1.519e-02	1.287e-07	2.407e+00	9.723083e+00	0.1401	2.031406e+02	3.873e+01
 96	0.9110	-7.60e-03	 3.0	 3.0	0.50	 2.0	5.000e+01	1.707e-02	1.288e-07	2.416e+00	9.726517e+00	0.1401	1.734531e+02	3.394e+01
 97	0.9097	-7.36e-03	 3.0	 3.0	0.50	 2.0	5.000e+01	1.805e-02	1.288e-07	2.389e+00	9.730829e+00	0.1401	1.961406e+02	3.792e+01
 98	0.9084	-7.14e-03	 3.0	 3.0	0.50	 2.0	5.000e+01	2.106e-02	1.286e-07	2.385e+00	9.734608e+00	0.1402	1.865625e+02	3.578e+01
 99	0.9073	-6.89e-03	 3.0	 3.0	0.50	 2.0	5.000e+01	1.913e-02	1.291e-07	2.351e+00	9.736650e+00	0.1402	1.890938e+02	3.624e+01
100	0.9063	-6.66e-03	 3.0	 3.0	0.50	 2.0	5.000e+01	1.072e-02	1.282e-07	2.364e+00	9.743712e+00	0.1402	2.003594e+02	3.839e+01
101	0.9054	-6.46e-03	 3.0	 3.0	0.50	 2.0	5.000e+01	1.599e-02	1.295e-07	2.310e+00	9.740265e+00	0.1403	1.727656e+02	3.335e+01
102	0.9044	-6.29e-03	 3.0	 3.0	0.50	 2.0	5.000e+01	1.303e-02	1.286e-07	2.313e+00	9.751255e+00	0.1403	1.740625e+02	3.366e+01
103	0.9034	-6.10e-03	 3.0	 3.0	0.50	 2.0	5.000e+01	1.472e-02	1.291e-07	2.282e+00	9.752125e+00	0.1403	1.826250e+02	3.476e+01
104	0.9023	-5.92e-03	 3.0	 3.0	0.50	 2.0	5.000e+01	1.616e-02	1.290e-07	2.235e+00	9.758158e+00	0.1403	1.803125e+02	3.461e+01
105	0.9012	-5.75e-03	 3.0	 3.0	0.50	 2.0	5.000e+01	1.923e-02	1.288e-07	2.187e+00	9.763208e+00	0.1404	1.816719e+02	3.535e+01
106	0.9002	-5.57e-03	 3.0	 3.0	0.50	 2.0	5.000e+01	1.800e-02	1.285e-07	2.196e+00	9.765403e+00	0.1404	1.702031e+02	3.345e+01
107	0.8995	-5.38e-03	 3.0	 3.0	0.50	 2.0	5.000e+01	1.179e-02	1.286e-07	2.233e+00	9.764668e+00	0.1404	1.732344e+02	3.347e+01
108	0.8988	-5.19e-03	 3.0	 3.0	0.50	 2.0	5.000e+01	8.004e-03	1.285e-07	2.254e+00	9.764597e+00	0.1404	1.841719e+02	3.554e+01
109	0.8981	-5.00e-03	 3.0	 3.0	0.50	 2.0	5.000e+01	6.526e-03	1.285e-07	2.261e+00	9.764332e+00	0.1405	1.689844e+02	3.271e+01
110	0.8974	-4.82e-03	 3.0	 3.0	0.50	 2.0	5.000e+01	7.174e-03	1.285e-07	2.274e+00	9.764215e+00	0.1405	1.645156e+02	3.188e+01
111	0.8968	-4.64e-03	 3.0	 3.0	0.50	 2.0	5.000e+01	4.859e-03	1.285e-07	2.287e+00	9.764055e+00	0.1405	1.720312e+02	3.340e+01
112	0.8962	-4.47e-03	 3.0	 3.0	0.50	 2.0	5.000e+01	7.027e-03	1.286e-07	2.314e+00	9.763935e+00	0.1405	1.721250e+02	3.353e+01
113	0.8956	-4.30e-03	 3.0	 3.0	0.50	 2.0	5.000e+01	6.564e-03	1.285e-07	2.334e+00	9.764848e+00	0.1406	1.725312e+02	3.348e+01
114	0.8951	-4.14e-03	 3.0	 3.0	0.50	 2.0	5.000e+01	4.180e-03	1.285e-07	2.349e+00	9.764147e+00	0.1406	1.986719e+02	3.851e+01
115	0.8947	-3.97e-03	 3.0	 3.0	0.50	 2.0	5.000e+01	4.410e-03	1.285e-07	2.349e+00	9.763241e+00	0.1406	1.636875e+02	3.202e+01
116	0.8942	-3.82e-03	 3.0	 3.0	0.50	 2.0	5.000e+01	4.824e-03	1.285e-07	2.350e+00	9.762637e+00	0.1406	1.663438e+02	3.257e+01
117	0.8938	-3.67e-03	 3.0	 3.0	0.50	 2.0	5.000e+01	5.764e-03	1.286e-07	2.347e+00	9.762729e+00	0.1407	1.587031e+02	3.097e+01
118	0.8933	-3.53e-03	 3.0	 3.0	0.50	 2.0	5.000e+01	6.604e-03	1.286e-07	2.344e+00	9.763066e+00	0.1407	1.643438e+02	3.221e+01
119	0.8929	-3.40e-03	 3.0	 3.0	0.50	 2.0	5.000e+01	8.005e-03	1.287e-07	2.340e+00	9.764015e+00	0.1407	1.673594e+02	3.278e+01
120	0.8924	-3.27e-03	 3.0	 3.0	0.50	 2.0	5.000e+01	9.451e-03	1.288e-07	2.335e+00	9.765461e+00	0.1407	1.933281e+02	3.718e+01
121	0.8919	-3.16e-03	 3.0	 3.0	0.50	 2.0	5.000e+01	1.086e-02	1.289e-07	2.329e+00	9.767907e+00	0.1407	1.801875e+02	3.463e+01
122	0.8914	-3.06e-03	 3.0	 3.0	0.50	 2.0	5.000e+01	1.221e-02	1.291e-07	2.323e+00	9.771152e+00	0.1407	1.780469e+02	3.419e+01
123	0.8908	-2.97e-03	 3.0	 3.0	0.50	 2.0	5.000e+01	1.501e-02	1.291e-07	2.319e+00	9.776552e+00	0.1408	1.815000e+02	3.521e+01
124	0.8901	-2.90e-03	 3.0	 3.0	0.50	 2.0	5.000e+01	1.558e-02	1.295e-07	2.313e+00	9.781752e+00	0.1408	1.661562e+02	3.193e+01
125	0.8895	-2.85e-03	 3.0	 3.0	0.50	 2.0	5.000e+01	2.084e-02	1.298e-07	2.345e+00	9.790881e+00	0.1408	1.759531e+02	3.370e+01
126	0.8902	-2.88e-03	 3.0	 3.0	0.50	 2.0	5.000e+01	2.617e-02	1.311e-07	2.146e+00	9.802783e+00	0.1408	1.958281e+02	3.736e+01
127	0.9009	-3.75e-03	 3.0	 3.0	0.50	 2.0	5.000e+01	4.859e-02	1.413e-07	2.465e+00	9.820811e+00	0.1406	1.447500e+02	2.869e+01
128	0.9038	-6.36e-03	 3.0	 3.0	0.50	 2.0	5.000e+01	4.871e-02	1.348e-07	2.088e+00	9.898394e+00	0.1403	2.051562e+02	3.905e+01
129	0.9085	-8.69e-03	 3.0	 3.0	0.50	 2.0	5.000e+01	4.870e-02	1.375e-07	2.565e+00	9.918228e+00	0.1399	2.187812e+02	4.143e+01
130	0.9063	-1.02e-02	 3.0	 3.0	0.50	 2.0	5.000e+01	3.961e-02	1.296e-07	2.128e+00	9.970584e+00	0.1397	1.976250e+02	3.761e+01
131	0.9045	-1.03e-02	 3.0	 3.0	0.50	 2.0	5.000e+01	1.622e-02	1.294e-07	2.386e+00	9.966488e+00	0.1397	1.819688e+02	3.486e+01
132	0.9031	-9.90e-03	 3.0	 3.0	0.50	 2.0	5.000e+01	9.372e-03	1.292e-07	2.301e+00	9.966652e+00	0.1398	1.852500e+02	3.561e+01
133	0.9019	-9.54e-03	 3.0	 3.0	0.50	 2.0	5.000e+01	1.147e-02	1.294e-07	2.298e+00	9.965332e+00	0.1398	1.953594e+02	3.734e+01
134	0.9006	-9.19e-03	 3.0	 3.0	0.50	 2.0	5.000e+01	1.355e-02	1.295e-07	2.310e+00	9.965668e+00	0.1399	1.702812e+02	3.273e+01
135	0.8992	-8.87e-03	 3.0	 3.0	0.50	 2.0	5.000e+01	1.561e-02	1.295e-07	2.363e+00	9.967255e+00	0.1399	1.898750e+02	3.620e+01
136	0.8979	-8.55e-03	 3.0	 3.0	0.50	 2.0	5.000e+01	1.592e-02	1.293e-07	2.402e+00	9.968671e+00	0.1400	1.764844e+02	3.396e+01
137	0.8968	-8.23e-03	 3.0	 3.0	0.50	 2.0	5.000e+01	1.349e-02	1.291e-07	2.353e+00	9.968647e+00	0.1400	1.625000e+02	3.172e+01
138	0.8958	-7.92e-03	 3.0	 3.0	0.50	 2.0	5.000e+01	6.664e-03	1.290e-07	2.323e+00	9.966012e+00	0.1401	1.699844e+02	3.282e+01
139	0.8948	-7.62e-03	 3.0	 3.0	0.50	 2.0	5.000e+01	6.630e-03	1.291e-07	2.317e+00	9.962474e+00	0.1401	1.732969e+02	3.357e+01
140	0.8939	-7.33e-03	 3.0	 3.0	0.50	 2.0	5.000e+01	7.663e-03	1.292e-07	2.332e+00	9.960030e+00	0.1401	1.825000e+02	3.519e+01
141	0.8930	-7.06e-03	 3.0	 3.0	0.50	 2.0	5.000e+01	8.143e-03	1.292e-07	2.326e+00	9.958765e+00	0.1402	1.796719e+02	3.441e+01
142	0.8920	-6.80e-03	 3.0	 3.0	0.50	 2.0	5.000e+01	8.100e-03	1.294e-07	2.321e+00	9.957788e+00	0.1402	1.739531e+02	3.345e+01
143	0.8911	-6.56e-03	 3.0	 3.0	0.50	 2.0	5.000e+01	1.029e-02	1.295e-07	2.307e+00	9.958670e+00	0.1403	1.805469e+02	3.421e+01
144	0.8901	-6.33e-03	 3.0	 3.0	0.50	 2.0	5.000e+01	1.354e-02	1.296e-07	2.280e+00	9.960980e+00	0.1403	1.766094e+02	3.445e+01
145	0.8890	-6.13e-03	 3.0	 3.0	0.50	 2.0	5.000e+01	1.664e-02	1.299e-07	2.255e+00	9.964017e+00	0.1403	1.805156e+02	3.424e+01
146	0.8879	-5.96e-03	 3.0	 3.0	0.50	 2.0	5.000e+01	1.994e-02	1.301e-07	2.233e+00	9.969758e+00	0.1403	1.764219e+02	3.426e+01
147	0.8866	-5.80e-03	 3.0	 3.0	0.50	 2.0	5.000e+01	2.564e-02	1.303e-07	2.207e+00	9.978210e+00	0.1404	1.742188e+02	3.390e+01
148	0.8853	-5.67e-03	 3.0	 3.0	0.50	 2.0	5.000e+01	3.001e-02	1.306e-07	2.183e+00	9.988244e+00	0.1404	1.751094e+02	3.405e+01
149	0.8840	-5.54e-03	 3.0	 3.0	0.50	 2.0	5.000e+01	2.370e-02	1.304e-07	2.156e+00	1.000118e+01	0.1404	1.757031e+02	3.405e+01
150	0.8827	-5.44e-03	 3.0	 3.0	0.50	 2.0	5.000e+01	1.885e-02	1.307e-07	2.151e+00	1.001061e+01	0.1404	1.851406e+02	3.578e+01
151	0.8815	-5.31e-03	 3.0	 3.0	0.50	 2.0	5.000e+01	1.910e-02	1.299e-07	2.125e+00	1.002346e+01	0.1404	1.732031e+02	3.362e+01
152	0.8806	-5.17e-03	 3.0	 3.0	0.50	 2.0	5.000e+01	1.171e-02	1.296e-07	2.156e+00	1.002746e+01	0.1404	1.657344e+02	3.252e+01
153	0.8799	-4.99e-03	 3.0	 3.0	0.50	 2.0	5.000e+01	7.294e-03	1.295e-07	2.124e+00	1.002783e+01	0.1405	1.649375e+02	3.243e+01
154	0.8793	-4.82e-03	 3.0	 3.0	0.50	 2.0	5.000e+01	1.026e-02	1.295e-07	2.187e+00	1.002733e+01	0.1405	1.799688e+02	3.509e+01
155	0.8787	-4.66e-03	 3.0	 3.0	0.50	 2.0	5.000e+01	6.453e-03	1.296e-07	2.158e+00	1.002612e+01	0.1405	1.966250e+02	3.794e+01
156	0.8781	-4.49e-03	 3.0	 3.0	0.50	 2.0	5.000e+01	1.145e-02	1.295e-07	2.190e+00	1.002629e+01	0.1405	2.017969e+02	3.854e+01
157	0.8775	-4.34e-03	 3.0	 3.0	0.50	 2.0	5.000e+01	1.060e-02	1.296e-07	2.181e+00	1.002625e+01	0.1406	1.841719e+02	3.549e+01
158	0.8769	-4.19e-03	 3.0	 3.0	0.50	 2.0	5.000e+01	1.504e-02	1.296e-07	2.186e+00	1.002690e+01	0.1406	1.869844e+02	3.583e+01
159	0.8763	-4.05e-03	 3.0	 3.0	0.50	 2.0	5.000e+01	1.201e-02	1.296e-07	2.195e+00	1.002731e+01	0.1406	1.739219e+02	3.363e+01
160	0.8757	-3.90e-03	 3.0	 3.0	0.50	 2.0	5.000e+01	6.464e-03	1.296e-07	2.192e+00	1.002756e+01	0.1406	1.880156e+02	3.628e+01
161	0.8752	-3.76e-03	 3.0	 3.0	0.50	 2.0	5.000e+01	7.366e-03	1.296e-07	2.190e+00	1.002837e+01	0.1406	1.953281e+02	3.749e+01
162	0.8747	-3.63e-03	 3.0	 3.0	0.50	 2.0	5.000e+01	7.414e-03	1.296e-07	2.189e+00	1.002942e+01	0.1407	1.965312e+02	3.744e+01
163	0.8742	-3.51e-03	 3.0	 3.0	0.50	 2.0	5.000e+01	7.665e-03	1.296e-07	2.198e+00	1.003028e+01	0.1407	1.862500e+02	3.593e+01
164	0.8737	-3.39e-03	 3.0	 3.0	0.50	 2.0	5.000e+01	6.156e-03	1.297e-07	2.194e+00	1.003090e+01	0.1407	2.081094e+02	3.944e+01
165	0.8731	-3.28e-03	 3.0	 3.0	0.50	 2.0	5.000e+01	7.955e-03	1.296e-07	2.204e+00	1.003206e+01	0.1407	1.849062e+02	3.549e+01
166	0.8726	-3.18e-03	 3.0	 3.0	0.50	 2.0	5.000e+01	9.424e-03	1.298e-07	2.193e+00	1.003268e+01	0.1407	1.798125e+02	3.451e+01
167	0.8721	-3.08e-03	 3.0	 3.0	0.50	 2.0	5.000e+01	1.167e-02	1.295e-07	2.203e+00	1.003468e+01	0.1407	1.897188e+02	3.586e+01
168	0.8716	-2.99e-03	 3.0	 3.0	0.50	 2.0	5.000e+01	1.261e-02	1.299e-07	2.170e+00	1.003406e+01	0.1408	1.830938e+02	3.511e+01
169	0.8711	-2.92e-03	 3.0	 3.0	0.50	 2.0	5.000e+01	1.542e-02	1.295e-07	2.214e+00	1.003790e+01	0.1408	1.740625e+02	3.358e+01
170	0.8706	-2.86e-03	 3.0	 3.0	0.50	 2.0	5.000e+01	1.512e-02	1.301e-07	2.126e+00	1.003691e+01	0.1408	1.916719e+02	3.660e+01
171	0.8702	-2.80e-03	 3.0	 3.0	0.50	 2.0	5.000e+01	1.446e-02	1.293e-07	2.207e+00	1.004179e+01	0.1408	1.790312e+02	3.425e+01
172	0.8698	-2.73e-03	 3.0	 3.0	0.50	 2.0	5.000e+01	1.168e-02	1.298e-07	2.152e+00	1.003871e+01	0.1408	1.922031e+02	3.658e+01
173	0.8694	-2.65e-03	 3.0	 3.0	0.50	 2.0	5.000e+01	1.226e-02	1.296e-07	2.149e+00	1.004143e+01	0.1408	1.962188e+02	3.719e+01
174	0.8690	-2.56e-03	 3.0	 3.0	0.50	 2.0	5.000e+01	6.855e-03	1.297e-07	2.147e+00	1.004129e+01	0.1408	1.918125e+02	3.653e+01
175	0.8686	-2.48e-03	 3.0	 3.0	0.50	 2.0	5.000e+01	7.970e-03	1.297e-07	2.149e+00	1.004227e+01	0.1408	1.881094e+02	3.621e+01
176	0.8683	-2.40e-03	 3.0	 3.0	0.50	 2.0	5.000e+01	7.418e-03	1.297e-07	2.148e+00	1.004313e+01	0.1408	1.757031e+02	3.380e+01
177	0.8679	-2.32e-03	 3.0	 3.0	0.50	 2.0	5.000e+01	7.229e-03	1.297e-07	2.150e+00	1.004373e+01	0.1408	1.848594e+02	3.547e+01
178	0.8675	-2.25e-03	 3.0	 3.0	0.50	 2.0	5.000e+01	7.369e-03	1.297e-07	2.163e+00	1.004439e+01	0.1409	1.742969e+02	3.408e+01
179	0.8671	-2.18e-03	 3.0	 3.0	0.50	 2.0	5.000e+01	9.405e-03	1.298e-07	2.167e+00	1.004583e+01	0.1409	1.827969e+02	3.548e+01
180	0.8668	-2.12e-03	 3.0	 3.0	0.50	 2.0	5.000e+01	9.800e-03	1.299e-07	2.173e+00	1.004777e+01	0.1409	1.911875e+02	3.641e+01
181	0.8663	-2.06e-03	 3.0	 3.0	0.50	 2.0	5.000e+01	9.831e-03	1.299e-07	2.190e+00	1.005070e+01	0.1409	1.753125e+02	3.405e+01
182	0.8660	-2.00e-03	 3.0	 3.0	0.50	 2.0	5.000e+01	8.872e-03	1.300e-07	2.201e+00	1.005392e+01	0.1409	1.803750e+02	3.476e+01
183	0.8656	-1.94e-03	 3.0	 3.0	0.50	 2.0	5.000e+01	7.454e-03	1.299e-07	2.203e+00	1.005765e+01	0.1409	1.674531e+02	3.260e+01
184	0.8653	-1.88e-03	 3.0	 3.0	0.50	 2.0	5.000e+01	9.137e-03	1.299e-07	2.194e+00	1.006022e+01	0.1409	1.810625e+02	3.469e+01
185	0.8650	-1.82e-03	 3.0	 3.0	0.50	 2.0	5.000e+01	7.670e-03	1.299e-07	2.208e+00	1.006275e+01	0.1409	1.798125e+02	3.509e+01
186	0.8647	-1.76e-03	 3.0	 3.0	0.50	 2.0	5.000e+01	1.007e-02	1.300e-07	2.201e+00	1.006560e+01	0.1409	1.802188e+02	3.454e+01
187	0.8645	-1.71e-03	 3.0	 3.0	0.50	 2.0	5.000e+01	6.735e-03	1.300e-07	2.214e+00	1.006847e+01	0.1409	1.859219e+02	3.583e+01
188	0.8642	-1.65e-03	 3.0	 3.0	0.50	 2.0	5.000e+01	1.021e-02	1.301e-07	2.194e+00	1.007151e+01	0.1409	1.840000e+02	3.519e+01
189	0.8639	-1.61e-03	 3.0	 3.0	0.50	 2.0	5.000e+01	9.544e-03	1.300e-07	2.218e+00	1.007545e+01	0.1409	1.944219e+02	3.711e+01
190	0.8636	-1.56e-03	 3.0	 3.0	0.50	 2.0	5.000e+01	1.288e-02	1.303e-07	2.190e+00	1.007856e+01	0.1410	1.585469e+02	3.067e+01
191	0.8633	-1.53e-03	 3.0	 3.0	0.50	 2.0	5.000e+01	1.066e-02	1.301e-07	2.239e+00	1.008410e+01	0.1410	1.860156e+02	3.570e+01
192	0.8631	-1.48e-03	 3.0	 3.0	0.50	 2.0	5.000e+01	1.377e-02	1.303e-07	2.184e+00	1.008767e+01	0.1410	1.840781e+02	3.518e+01
193	0.8628	-1.45e-03	 3.0	 3.0	0.50	 2.0	5.000e+01	7.481e-03	1.301e-07	2.232e+00	1.009377e+01	0.1410	1.840625e+02	3.525e+01
194	0.8626	-1.41e-03	 3.0	 3.0	0.50	 2.0	5.000e+01	1.407e-02	1.301e-07	2.172e+00	1.009708e+01	0.1410	1.783750e+02	3.389e+01
195	0.8623	-1.38e-03	 3.0	 3.0	0.50	 2.0	5.000e+01	7.712e-03	1.302e-07	2.222e+00	1.010061e+01	0.1410	1.747969e+02	3.343e+01
196	0.8620	-1.35e-03	 3.0	 3.0	0.50	 2.0	5.000e+01	1.441e-02	1.301e-07	2.172e+00	1.010487e+01	0.1410	1.773906e+02	3.395e+01
197	0.8617	-1.32e-03	 3.0	 3.0	0.50	 2.0	5.000e+01	9.791e-03	1.302e-07	2.194e+00	1.010807e+01	0.1410	1.829062e+02	3.512e+01
198	0.8613	-1.30e-03	 3.0	 3.0	0.50	 2.0	5.000e+01	1.200e-02	1.298e-07	2.144e+00	1.011157e+01	0.1410	1.873750e+02	3.555e+01
199	0.8611	-1.26e-03	 3.0	 3.0	0.50	 2.0	5.000e+01	8.217e-03	1.297e-07	2.164e+00	1.011074e+01	0.1410	1.695312e+02	3.250e+01
200	0.8609	-1.22e-03	 3.0	 3.0	0.50	 2.0	5.000e+01	5.545e-03	1.298e-07	2.150e+00	1.010951e+01	0.1410	1.872656e+02	3.614e+01
201	0.8608	-1.18e-03	 3.0	 3.0	0.50	 2.0	5.000e+01	6.091e-03	1.298e-07	2.176e+00	1.010869e+01	0.1410	2.134219e+02	4.050e+01
202	0.8606	-1.14e-03	 3.0	 3.0	0.50	 2.0	5.000e+01	6.268e-03	1.298e-07	2.177e+00	1.010841e+01	0.1410	1.892031e+02	3.617e+01
203	0.8605	-1.09e-03	 3.0	 3.0	0.50	 2.0	5.000e+01	4.421e-03	1.298e-07	2.186e+00	1.010839e+01	0.1410	1.941875e+02	3.700e+01
204	0.8604	-1.05e-03	 3.0	 3.0	0.50	 2.0	5.000e+01	4.090e-03	1.298e-07	2.185e+00	1.010795e+01	0.1410	1.671250e+02	3.176e+01
205	0.8602	-1.01e-03	 3.0	 3.0	0.50	 2.0	5.000e+01	3.856e-03	1.298e-07	2.190e+00	1.010753e+01	0.1410	1.806562e+02	3.435e+01
206	0.8601	-9.70e-04	 3.0	 3.0	0.50	 2.0	5.000e+01	3.340e-03	1.298e-07	2.189e+00	1.010688e+01	0.1410	1.884531e+02	3.580e+01
207	0.8600	-9.33e-04	 3.0	 3.0	0.50	 2.0	5.000e+01	3.301e-03	1.298e-07	2.194e+00	1.010639e+01	0.1410	1.726094e+02	3.344e+01
208	0.8599	-8.96e-04	 3.0	 3.0	0.50	 2.0	5.000e+01	2.672e-03	1.298e-07	2.198e+00	1.010591e+01	0.1410	1.717656e+02	3.330e+01
209	0.8598	-8.60e-04	 3.0	 3.0	0.50	 2.0	5.000e+01	2.089e-03	1.298e-07	2.198e+00	1.010604e+01	0.1411	1.540625e+02	3.030e+01
210	0.8597	-8.26e-04	 3.0	 3.0	0.50	 2.0	5.000e+01	1.845e-03	1.298e-07	2.199e+00	1.010618e+01	0.1411	1.764688e+02	3.382e+01
211	0.8597	-7.93e-04	 3.0	 3.0	0.50	 2.0	5.000e+01	1.965e-03	1.298e-07	2.198e+00	1.010616e+01	0.1411	1.434531e+02	2.847e+01
212	0.8596	-7.61e-04	 3.0	 3.0	0.50	 2.0	5.000e+01	2.079e-03	1.298e-07	2.198e+00	1.010630e+01	0.1411	1.666562e+02	3.230e+01
213	0.8595	-7.31e-04	 3.0	 3.0	0.50	 2.0	5.000e+01	2.128e-03	1.299e-07	2.196e+00	1.010649e+01	0.1411	1.720156e+02	3.315e+01
214	0.8594	-7.03e-04	 3.0	 3.0	0.50	 2.0	5.000e+01	2.458e-03	1.299e-07	2.196e+00	1.010713e+01	0.1411	1.774062e+02	3.395e+01
215	0.8593	-6.75e-04	 3.0	 3.0	0.50	 2.0	5.000e+01	2.573e-03	1.300e-07	2.195e+00	1.010793e+01	0.1411	1.567031e+02	3.062e+01
216	0.8593	-6.49e-04	 3.0	 3.0	0.50	 2.0	5.000e+01	3.026e-03	1.300e-07	2.196e+00	1.010935e+01	0.1411	1.803281e+02	3.456e+01
217	0.8592	-6.25e-04	 3.0	 3.0	0.50	 2.0	5.000e+01	3.197e-03	1.300e-07	2.194e+00	1.011078e+01	0.1411	1.660000e+02	3.237e+01
218	0.8591	-6.01e-04	 3.0	 3.0	0.50	 2.0	5.000e+01	3.843e-03	1.300e-07	2.196e+00	1.011280e+01	0.1411	1.700000e+02	3.310e+01
219	0.8590	-5.79e-04	 3.0	 3.0	0.50	 2.0	5.000e+01	3.845e-03	1.301e-07	2.193e+00	1.011435e+01	0.1411	1.697188e+02	3.284e+01
220	0.8590	-5.58e-04	 3.0	 3.0	0.50	 2.0	5.000e+01	4.602e-03	1.300e-07	2.198e+00	1.011666e+01	0.1411	1.634375e+02	3.168e+01
221	0.8589	-5.39e-04	 3.0	 3.0	0.50	 2.0	5.000e+01	4.270e-03	1.302e-07	2.190e+00	1.011759e+01	0.1411	1.659844e+02	3.207e+01
222	0.8588	-5.21e-04	 3.0	 3.0	0.50	 2.0	5.000e+01	5.626e-03	1.298e-07	2.204e+00	1.012113e+01	0.1411	1.920156e+02	3.711e+01
223	0.8587	-5.04e-04	 3.0	 3.0	0.50	 2.0	5.000e+01	5.067e-03	1.303e-07	2.181e+00	1.011999e+01	0.1411	1.744688e+02	3.399e+01
224	0.8587	-4.90e-04	 3.0	 3.0	0.50	 2.0	5.000e+01	7.282e-03	1.298e-07	2.213e+00	1.012491e+01	0.1411	1.848750e+02	3.532e+01
225	0.8586	-4.77e-04	 3.0	 3.0	0.50	 2.0	5.000e+01	6.368e-03	1.301e-07	2.175e+00	1.012407e+01	0.1411	1.587969e+02	3.091e+01
226	0.8585	-4.64e-04	 3.0	 3.0	0.50	 2.0	5.000e+01	6.918e-03	1.300e-07	2.203e+00	1.012675e+01	0.1411	1.752969e+02	3.355e+01
227	0.8584	-4.50e-04	 3.0	 3.0	0.50	 2.0	5.000e+01	5.046e-03	1.301e-07	2.190e+00	1.012794e+01	0.1411	2.018750e+02	3.848e+01
228	0.8584	-4.36e-04	 3.0	 3.0	0.50	 2.0	5.000e+01	4.356e-03	1.302e-07	2.206e+00	1.013027e+01	0.1411	1.819531e+02	3.502e+01
229	0.8583	-4.20e-04	 3.0	 3.0	0.50	 2.0	5.000e+01	3.152e-03	1.303e-07	2.199e+00	1.013345e+01	0.1411	1.640000e+02	3.182e+01
230	0.8583	-4.05e-04	 3.0	 3.0	0.50	 2.0	5.000e+01	2.276e-03	1.303e-07	2.202e+00	1.013779e+01	0.1411	1.728125e+02	3.324e+01
231	0.8582	-3.90e-04	 3.0	 3.0	0.50	 2.0	5.000e+01	2.591e-03	1.303e-07	2.202e+00	1.014161e+01	0.1411	1.920469e+02	3.709e+01
232	0.8582	-3.76e-04	 3.0	 3.0	0.50	 2.0	5.000e+01	3.059e-03	1.303e-07	2.203e+00	1.014533e+01	0.1411	1.716562e+02	3.346e+01
233	0.8581	-3.63e-04	 3.0	 3.0	0.50	 2.0	5.000e+01	3.796e-03	1.303e-07	2.202e+00	1.014864e+01	0.1411	1.668281e+02	3.253e+01
234	0.8581	-3.51e-04	 3.0	 3.0	0.50	 2.0	5.000e+01	4.577e-03	1.302e-07	2.200e+00	1.015163e+01	0.1411	1.894062e+02	3.698e+01
235	0.8580	-3.40e-04	 3.0	 3.0	0.50	 2.0	5.000e+01	5.268e-03	1.302e-07	2.196e+00	1.015421e+01	0.1411	1.831094e+02	3.580e+01
236	0.8579	-3.29e-04	 3.0	 3.0	0.50	 2.0	5.000e+01	5.675e-03	1.301e-07	2.191e+00	1.015670e+01	0.1411	1.667188e+02	3.248e+01
237	0.8579	-3.18e-04	 3.0	 3.0	0.50	 2.0	5.000e+01	6.001e-03	1.302e-07	2.178e+00	1.015755e+01	0.1411	1.858594e+02	3.629e+01
238	0.8579	-3.07e-04	 3.0	 3.0	0.50	 2.0	5.000e+01	3.592e-03	1.299e-07	2.177e+00	1.015914e+01	0.1411	1.759062e+02	3.450e+01
239	0.8578	-2.95e-04	 3.0	 3.0	0.50	 2.0	5.000e+01	2.245e-03	1.302e-07	2.174e+00	1.015823e+01	0.1411	1.757031e+02	3.438e+01
240	0.8578	-2.84e-04	 3.0	 3.0	0.50	 2.0	5.000e+01	1.545e-03	1.298e-07	2.178e+00	1.015998e+01	0.1411	1.668906e+02	3.260e+01
241	0.8578	-2.74e-04	 3.0	 3.0	0.50	 2.0	5.000e+01	3.369e-03	1.304e-07	2.168e+00	1.015770e+01	0.1411	1.652969e+02	3.229e+01
242	0.8577	-2.64e-04	 3.0	 3.0	0.50	 2.0	5.000e+01	2.476e-03	1.295e-07	2.181e+00	1.016136e+01	0.1411	1.838906e+02	3.512e+01
243	0.8577	-2.55e-04	 3.0	 3.0	0.50	 2.0	5.000e+01	4.575e-03	1.304e-07	2.164e+00	1.015604e+01	0.1411	1.666562e+02	3.220e+01
244	0.8577	-2.47e-04	 3.0	 3.0	0.50	 2.0	5.000e+01	3.632e-03	1.297e-07	2.181e+00	1.016006e+01	0.1411	1.706875e+02	3.262e+01
245	0.8576	-2.39e-04	 3.0	 3.0	0.50	 2.0	5.000e+01	3.900e-03	1.301e-07	2.171e+00	1.015664e+01	0.1411	1.792969e+02	3.459e+01
246	0.8576	-2.30e-04	 3.0	 3.0	0.50	 2.0	5.000e+01	1.448e-03	1.300e-07	2.174e+00	1.015731e+01	0.1411	1.776250e+02	3.393e+01
247	0.8576	-2.21e-04	 3.0	 3.0	0.50	 2.0	5.000e+01	1.459e-03	1.300e-07	2.174e+00	1.015710e+01	0.1411	1.789531e+02	3.418e+01
248	0.8576	-2.13e-04	 3.0	 3.0	0.50	 2.0	5.000e+01	1.508e-03	1.300e-07	2.174e+00	1.015700e+01	0.1411	1.637812e+02	3.137e+01
249	0.8576	-2.05e-04	 3.0	 3.0	0.50	 2.0	5.000e+01	1.593e-03	1.300e-07	2.174e+00	1.015693e+01	0.1411	1.795000e+02	3.434e+01
250	0.8575	-1.97e-04	 3.0	 3.0	0.50	 2.0	5.000e+01	1.683e-03	1.300e-07	2.175e+00	1.015693e+01	0.1411	1.902500e+02	3.660e+01
251	0.8575	-1.90e-04	 3.0	 3.0	0.50	 2.0	5.000e+01	1.777e-03	1.300e-07	2.176e+00	1.015702e+01	0.1411	1.879375e+02	3.628e+01
252	0.8575	-1.83e-04	 3.0	 3.0	0.50	 2.0	5.000e+01	1.874e-03	1.300e-07	2.176e+00	1.015717e+01	0.1412	1.842969e+02	3.519e+01
253	0.8575	-1.76e-04	 3.0	 3.0	0.50	 2.0	5.000e+01	1.938e-03	1.300e-07	2.176e+00	1.015734e+01	0.1412	1.994688e+02	3.860e+01
254	0.8574	-1.70e-04	 3.0	 3.0	0.50	 2.0	5.000e+01	1.984e-03	1.301e-07	2.176e+00	1.015757e+01	0.1412	1.836875e+02	3.510e+01
255	0.8574	-1.64e-04	 3.0	 3.0	0.50	 2.0	5.000e+01	2.055e-03	1.301e-07	2.176e+00	1.015787e+01	0.1412	1.943750e+02	3.655e+01
256	0.8574	-1.59e-04	 3.0	 3.0	0.50	 2.0	5.000e+01	2.158e-03	1.301e-07	2.175e+00	1.015831e+01	0.1412	1.744688e+02	3.344e+01
257	0.8574	-1.53e-04	 3.0	 3.0	0.50	 2.0	5.000e+01	2.271e-03	1.301e-07	2.175e+00	1.015908e+01	0.1412	1.715625e+02	3.274e+01
258	0.8573	-1.48e-04	 3.0	 3.0	0.50	 2.0	5.000e+01	2.350e-03	1.301e-07	2.174e+00	1.015967e+01	0.1412	1.637344e+02	3.184e+01
259	0.8573	-1.44e-04	 3.0	 3.0	0.50	 2.0	5.000e+01	2.470e-03	1.301e-07	2.175e+00	1.016070e+01	0.1412	1.998594e+02	3.870e+01
260	0.8573	-1.40e-04	 3.0	 3.0	0.50	 2.0	5.000e+01	2.482e-03	1.301e-07	2.173e+00	1.016100e+01	0.1412	2.000625e+02	3.848e+01
261	0.8573	-1.36e-04	 3.0	 3.0	0.50	 2.0	5.000e+01	2.611e-03	1.303e-07	2.175e+00	1.016182e+01	0.1412	1.756406e+02	3.467e+01
262	0.8573	-1.34e-04	 3.0	 3.0	0.50	 2.0	5.000e+01	2.950e-03	1.295e-07	2.174e+00	1.016457e+01	0.1412	1.801094e+02	3.475e+01
263	0.8572	-1.34e-04	 3.0	 3.0	0.50	 2.0	5.000e+01	5.480e-03	1.309e-07	2.173e+00	1.015878e+01	0.1412	1.857656e+02	3.566e+01
264	0.8572	-1.35e-04	 3.0	 3.0	0.50	 2.0	5.000e+01	6.231e-03	1.296e-07	2.171e+00	1.016846e+01	0.1412	1.813750e+02	3.506e+01
265	0.8572	-1.33e-04	 3.0	 3.0	0.50	 2.0	5.000e+01	3.482e-03	1.303e-07	2.175e+00	1.016332e+01	0.1412	1.810156e+02	3.487e+01
266	0.8572	-1.29e-04	 3.0	 3.0	0.50	 2.0	5.000e+01	2.956e-03	1.301e-07	2.167e+00	1.016559e+01	0.1412	1.865000e+02	3.591e+01
267	0.8571	-1.25e-04	 3.0	 3.0	0.50	 2.0	5.000e+01	2.870e-03	1.301e-07	2.169e+00	1.016585e+01	0.1412	1.534531e+02	3.028e+01
268	0.8571	-1.21e-04	 3.0	 3.0	0.50	 2.0	5.000e+01	2.710e-03	1.301e-07	2.173e+00	1.016633e+01	0.1412	1.872656e+02	3.638e+01
269	0.8571	-1.17e-04	 3.0	 3.0	0.50	 2.0	5.000e+01	2.351e-03	1.301e-07	2.173e+00	1.016710e+01	0.1412	1.637656e+02	3.193e+01
270	0.8571	-1.13e-04	 3.0	 3.0	0.50	 2.0	5.000e+01	2.538e-03	1.301e-07	2.174e+00	1.016767e+01	0.1412	1.814844e+02	3.520e+01
271	0.8571	-1.08e-04	 3.0	 3.0	0.50	 2.0	5.000e+01	2.367e-03	1.301e-07	2.175e+00	1.016812e+01	0.1412	1.927344e+02	3.696e+01
272	0.8571	-1.04e-04	 3.0	 3.0	0.50	 2.0	5.000e+01	2.263e-03	1.301e-07	2.176e+00	1.016854e+01	0.1412	1.670625e+02	3.253e+01
273	0.8571	-1.01e-04	 3.0	 3.0	0.50	 2.0	5.000e+01	2.134e-03	1.301e-07	2.177e+00	1.016895e+01	0.1412	1.770156e+02	3.433e+01
274	0.8570	-9.69e-05	 3.0	 3.0	0.50	 2.0	5.000e+01	2.001e-03	1.301e-07	2.177e+00	1.016937e+01	0.1412	1.828281e+02	3.512e+01
275	0.8570	-9.33e-05	 3.0	 3.0	0.50	 2.0	5.000e+01	1.870e-03	1.301e-07	2.177e+00	1.016984e+01	0.1412	1.825156e+02	3.539e+01
276	0.8570	-8.98e-05	 3.0	 3.0	0.50	 2.0	5.000e+01	1.766e-03	1.301e-07	2.178e+00	1.017038e+01	0.1412	1.846250e+02	3.554e+01
277	0.8570	-8.65e-05	 3.0	 3.0	0.50	 2.0	5.000e+01	1.661e-03	1.301e-07	2.178e+00	1.017098e+01	0.1412	1.715312e+02	3.298e+01
278	0.8570	-8.33e-05	 3.0	 3.0	0.50	 2.0	5.000e+01	1.585e-03	1.302e-07	2.179e+00	1.017160e+01	0.1412	1.569062e+02	3.068e+01
279	0.8570	-8.02e-05	 3.0	 3.0	0.50	 2.0	5.000e+01	1.474e-03	1.301e-07	2.179e+00	1.017241e+01	0.1412	1.717031e+02	3.345e+01
280	0.8570	-7.73e-05	 3.0	 3.0	0.50	 2.0	5.000e+01	1.415e-03	1.302e-07	2.179e+00	1.017267e+01	0.1412	1.806875e+02	3.465e+01
281	0.8570	-7.46e-05	 3.0	 3.0	0.50	 2.0	5.000e+01	1.594e-03	1.299e-07	2.180e+00	1.017436e+01	0.1412	1.855156e+02	3.534e+01
282	0.8570	-7.22e-05	 3.0	 3.0	0.50	 2.0	5.000e+01	2.015e-03	1.303e-07	2.179e+00	1.017259e+01	0.1412	1.737188e+02	3.344e+01
283	0.8570	-7.10e-05	 3.0	 3.0	0.50	 2.0	5.000e+01	3.835e-03	1.301e-07	2.175e+00	1.017536e+01	0.1412	1.694688e+02	3.259e+01
284	0.8570	-7.29e-05	 3.0	 3.0	0.50	 2.0	5.000e+01	4.965e-03	1.301e-07	2.188e+00	1.017493e+01	0.1412	1.697188e+02	3.289e+01
285	0.8570	-7.88e-05	 3.0	 3.0	0.50	 2.0	5.000e+01	6.735e-03	1.303e-07	2.169e+00	1.017455e+01	0.1412	1.629375e+02	3.151e+01
286	0.8570	-8.30e-05	 3.0	 3.0	0.50	 2.0	5.000e+01	6.476e-03	1.300e-07	2.183e+00	1.017639e+01	0.1412	1.551250e+02	2.998e+01
287	0.8570	-8.10e-05	 3.0	 3.0	0.50	 2.0	5.000e+01	1.671e-03	1.301e-07	2.180e+00	1.017580e+01	0.1412	1.782344e+02	3.414e+01
288	0.8570	-7.78e-05	 3.0	 3.0	0.50	 2.0	5.000e+01	6.343e-04	1.301e-07	2.180e+00	1.017592e+01	0.1412	1.789219e+02	3.452e+01
289	0.8570	-7.47e-05	 3.0	 3.0	0.50	 2.0	5.000e+01	4.629e-04	1.301e-07	2.180e+00	1.017601e+01	0.1412	1.906562e+02	3.626e+01
290	0.8569	-7.17e-05	 3.0	 3.0	0.50	 2.0	5.000e+01	5.476e-04	1.301e-07	2.180e+00	1.017613e+01	0.1412	1.739688e+02	3.353e+01
291	0.8569	-6.90e-05	 3.0	 3.0	0.50	 2.0	5.000e+01	6.922e-04	1.301e-07	2.179e+00	1.017629e+01	0.1412	1.654062e+02	3.191e+01
292	0.8569	-6.64e-05	 3.0	 3.0	0.50	 2.0	5.000e+01	8.568e-04	1.301e-07	2.179e+00	1.017653e+01	0.1412	1.884062e+02	3.604e+01
293	0.8569	-6.40e-05	 3.0	 3.0	0.50	 2.0	5.000e+01	1.054e-03	1.301e-07	2.179e+00	1.017685e+01	0.1412	1.874219e+02	3.606e+01
294	0.8569	-6.17e-05	 3.0	 3.0	0.50	 2.0	5.000e+01	1.302e-03	1.302e-07	2.179e+00	1.017729e+01	0.1412	1.832031e+02	3.527e+01
295	0.8569	-5.97e-05	 3.0	 3.0	0.50	 2.0	5.000e+01	1.617e-03	1.302e-07	2.179e+00	1.017787e+01	0.1412	1.812812e+02	3.497e+01
296	0.8569	-5.79e-05	 3.0	 3.0	0.50	 2.0	5.000e+01	2.024e-03	1.302e-07	2.178e+00	1.017862e+01	0.1412	1.709062e+02	3.320e+01
297	0.8569	-5.63e-05	 3.0	 3.0	0.50	 2.0	5.000e+01	2.470e-03	1.302e-07	2.178e+00	1.017948e+01	0.1412	1.662969e+02	3.241e+01
298	0.8569	-5.49e-05	 3.0	 3.0	0.50	 2.0	5.000e+01	2.752e-03	1.302e-07	2.178e+00	1.018039e+01	0.1412	1.715156e+02	3.328e+01
299	0.8569	-5.38e-05	 3.0	 3.0	0.50	 2.0	5.000e+01	3.285e-03	1.302e-07	2.179e+00	1.018133e+01	0.1412	1.580625e+02	3.099e+01
300	0.8568	-5.28e-05	 3.0	 3.0	0.50	 2.0	5.000e+01	3.066e-03	1.302e-07	2.178e+00	1.018260e+01	0.1412	1.693125e+02	3.288e+01
